"i","asc1","desc1","asc2","desc2","pol1","pol2","tran12","tran21","p"
1,0.341576228638255,0.322771692848179,0.0194846110983411,0.0440679594010954,0.0817306404292714,0.0197623721938668,0.045403047000429,0.14499453929102,-813.633599624985
2,0.255152335536785,0.0968579485477045,0.0214269028640722,0.0119528735977183,0.0834905400707203,0.0363118964009183,0.120100762782066,0.152661191374948,-795.084130946829
3,0.00408506318401507,0.105619390953941,0.030551562896014,0.000297440888332663,0.079550235512587,0.0191468224570663,0.115829843993612,0.128064225705412,-776.842605065473
4,0.121064337889725,0.117580368178297,0.00426342426341614,0.0142209788652866,0.0730888144988249,0.00371999621361647,0.0779039038636861,0.112191112785906,-762.399587179157
5,0.0687777878760216,0.10033557163999,0.00405674391416816,0.00251250071529991,0.0853072033083067,0.0032752919861377,0.0774147717706701,0.115350401605669,-758.281463332562
6,0.0637953037142931,0.120636449779167,0.0104806062649672,0.015010425910509,0.0709954128887239,0.00189203216707692,0.0777986350430205,0.121437172845601,-760.34851096923
7,0.0626247348127056,0.112432534896075,0.0103886954945153,0.0120236349739059,0.0950555083409079,0.00146721794028603,0.0935783835379683,0.132969937339199,-758.497494235611
8,0.0286972158735762,0.108854941941389,0.0166691722564608,0.00262107952865474,0.104758252225042,0.00275876078214571,0.0736974193733882,0.115588971838021,-759.715727272946
9,0.0915458266980842,0.0815389418033863,0.0170972699204845,0.00125632961975267,0.105469583406221,0.00779787508169604,0.0826567072718278,0.100505545289684,-760.785644140626
10,0.0803432439890089,0.12374613701947,0.0254804995299466,0.016484956383323,0.0734220300332983,0.0059988532282109,0.048953306577374,0.0975712543187931,-762.510184415412
11,0.0277921371994568,0.123075941571958,0.00859235752669464,0.00888161542286056,0.0759667800567483,0.00970669904580806,0.0517503914721184,0.110828966635158,-761.801209765653
12,0.0850138411061934,0.136783355765464,0.0028784258977207,0.00101809516603661,0.0902462110213608,0.00959315025707494,0.0534699611575192,0.0941781769485235,-761.027399866578
13,0.0464550055845042,0.101865401633084,0.0199090171530522,0.0139599711847298,0.0834910426574404,0.00365924372764285,0.05642148442846,0.103410623561242,-758.159281171967
14,0.040616131035013,0.119445797783904,0.00996000206259564,0.0199093508433725,0.0774387571963216,0.012773084687403,0.0610023772560713,0.119280010433946,-761.817907253785
15,0.0786252913574884,0.10262447906421,0.0160335892006643,0.0165904591802113,0.0812844763359607,0.00628446112884314,0.0542261218224955,0.1208924829613,-761.44285006462
16,0.0450369288921741,0.0884545156731978,0.0060254432868187,0.0199964731782525,0.0900396786897916,0.00148902309988707,0.0750858504900018,0.116434163449076,-758.341470243013
17,0.0541147302015489,0.06938352076829,0.00786337672781725,0.00881754044496058,0.0870611318971199,0.0070795394604269,0.0737506096803612,0.107003610698038,-761.396250983328
18,0.113048971321796,0.0808352305684437,0.00706122275966183,0.000425568790680276,0.0918745873870904,0.00122265511010902,0.0790115364017036,0.120872309409194,-759.788051056544
19,0.114626649310169,0.0749192716093614,0.0153486380341977,0.00135651141280929,0.0790813905200391,0.00639343587361085,0.0900828564418303,0.123119521747618,-760.725489877693
20,0.0422004000795651,0.10508689231566,0.0124989226514002,0.00262496968353361,0.0815712112510199,0.00119597358396357,0.0780960911213602,0.106999784804673,-758.731213543445
21,0.0632935949836205,0.108551753542119,0.00468638238423321,0.00269657778625554,0.0922850339135412,0.00443450952348611,0.0518940693014263,0.103396444639566,-759.471727787401
22,0.0366190118568939,0.10170130813331,0.0305852224659046,0.0131443691589005,0.0894024140462785,0.00214724173932255,0.0644776311130778,0.10638608603984,-760.063640074355
23,0.0348133682233835,0.120307005418954,0.0221979783005215,0.00240461490901047,0.081497169031378,0.0137734472416496,0.0534289986905498,0.0973222557966872,-760.878078319626
24,0.0265265111358736,0.119567030891386,0.0157496244032184,0.0126076485910494,0.0970318784833767,0.000863058776869814,0.0712707350448423,0.102287908651574,-759.494407420544
25,0.0722398181308334,0.11445905579562,0.0114125938837754,0.00495439434723633,0.100253473794605,0.00101786111440567,0.0633029560128739,0.108400504152377,-759.531636485136
26,0.0738327178364886,0.129373554064423,0.035995246964819,0.00302397953073396,0.0856335409031713,0.00260754196360901,0.054026812879214,0.0959895532071366,-760.991784911286
27,0.0831976985254352,0.0881744856245272,0.0130309378097017,0.00138465013017634,0.0855721207680906,0.00402273326249109,0.0653070481443354,0.104149890253359,-758.321126031626
28,0.0658548142252087,0.114459732272202,0.028330815552983,0.00719760305595385,0.108891291607036,0.00476365223713344,0.0652786101166779,0.100127282644949,-760.144098450196
29,0.0969472579698549,0.0979574508481911,0.0342722998794514,0.00137240356759083,0.11195570569917,0.00257062545749892,0.0740376463547626,0.0946907949062046,-761.195699539695
30,0.0363676209258056,0.104688342321136,0.0216181449012338,3.94277597918254e-06,0.108230818269338,0.0033515346702031,0.0985871746593601,0.138767398739836,-761.669547716424
31,0.0355702475172984,0.111343015462624,0.0187294644217991,0.0145702670485492,0.0945144594680441,0.00580086017096112,0.0843315020233523,0.114639631269805,-759.573298614955
32,0.041162289270185,0.114429157617585,0.012674114969705,0.0256242520104526,0.112284840623674,0.00679550757595195,0.087302478521211,0.109268704457525,-761.82289593859
33,0.0593258674919114,0.0897403526361135,0.00897110596707168,0.0125964426855347,0.112338238984224,0.00671064528688146,0.0613487737593992,0.0997905601971516,-760.387572546596
34,0.0533945442306278,0.0975828353675749,0.0087387330941714,0.0073344808470156,0.107908245684906,0.0050839818116251,0.0708410715357324,0.138773640569107,-761.692090309961
35,0.0592067621966499,0.111294985206555,0.00719256689322809,0.0118064156501424,0.0759596655263268,0.00567002759517522,0.0720561536986973,0.130097443627124,-758.681026219367
36,0.0602584890770732,0.14659954278527,0.0205547544706592,0.0120564165789819,0.109717791753448,0.00206653303809436,0.0625259397300271,0.0855440715154436,-761.182030145406
37,0.0724626205690386,0.0773356373554622,0.029898589165365,0.00719301554663766,0.0677465495604654,0.00645876118109036,0.0483188112348529,0.0777138791471368,-760.894993948341
38,0.0721773104762907,0.100080004679528,0.0278842787727482,0.00635852473971364,0.106079808975664,0.010014570866121,0.0526635826632195,0.0913219738976371,-760.413280684897
39,0.0371899158847614,0.104749970436499,0.0175841183624464,0.0131732643002236,0.0927914787067963,0.00801534615693859,0.0647217412035977,0.0900029393363942,-758.689345751409
40,0.0495502974673389,0.125455699227879,0.0235304396491799,0.000702521156948233,0.117434351552056,0.00483427726362482,0.067713995496969,0.0885593275556796,-759.802301841756
41,0.0469555624954186,0.111166066040138,0.034013037107196,0.00352735699367297,0.110740351052199,0.00907424581882726,0.080957490876292,0.096304355140511,-761.502262225398
42,0.0654964102990034,0.0891998353147781,0.0297671433138227,0.00351471190080052,0.124117479540259,0.000197984017963165,0.0589487884593537,0.0779717887648782,-761.674776447185
43,0.0555912461108915,0.0748312326557078,0.0305136808995723,0.00438540655157717,0.118040743425612,0.00292427725404637,0.0437342198217395,0.0724265583170033,-761.122809652138
44,0.05420538966698,0.125415996060687,0.025098511456389,0.00302606939455381,0.0933346357036264,0.00609288095009098,0.0460809963713923,0.115020067520658,-762.625435766896
45,0.0462515276957149,0.100941431859042,0.0306004628417926,0.0132078925937351,0.0916051141567473,0.00825183765961337,0.057618350303084,0.111082912094891,-761.622834316165
46,0.12087554964643,0.0806611110397431,0.00906850312501534,0.0141371157174068,0.100295859295221,0.00717255182252003,0.0995989936293173,0.128428281610913,-765.367904352866
47,0.0646555795023443,0.113668924464289,0.00269742871465174,0.00449144910708207,0.0955810282214658,0.00503702720602619,0.0825823861580337,0.12565232998832,-757.7740707831
48,0.056464795891678,0.143310007938617,0.00502891803686635,0.0203568267577738,0.0856214516873197,0.00366369435535815,0.0719982252226831,0.118661447265658,-760.952915626139
49,0.0828673050901437,0.147877905272658,0.00598542763747252,0.000584595687054293,0.0997904904417567,0.00432057918945017,0.0770772319405889,0.135435092484078,-760.488991518917
50,0.0389299209757582,0.146776521906938,0.00230622834082981,0.00132358852066273,0.0794383026923456,0.00396419372239302,0.0771031230370442,0.119590532237204,-760.994122615593
51,0.117563662691616,0.0703783192418554,0.0173002726848278,0.000939251312556857,0.0769745036270828,0.00929918918655363,0.0661081929227638,0.142026574792843,-764.14255955732
52,0.117923676541278,0.107749309172271,0.0267244611250822,0.0026788878454,0.0922779555146859,0.00307444418466036,0.0932513798389012,0.0871503847487965,-764.275275406468
53,0.0987917924140888,0.0811677189544796,0.0133073743143293,0.000951817694828181,0.0931758357658447,0.00237387381405688,0.0674941076637636,0.127086752573586,-759.992240706639
54,0.0673475253390054,0.0842049717883798,0.0318175118668775,0.00354889613246581,0.0906291337754664,0.00799918515653849,0.0940316084210266,0.115604475175728,-760.718753027196
55,0.0925425163288999,0.0737412330293066,0.0155171166524258,0.00351870136686025,0.08415635095063,0.00243586480938482,0.0795533691030044,0.130296112619864,-759.462804281235
56,0.0650860162261011,0.142806684477216,0.00381090228816343,0.00201971515684725,0.093118957486739,0.00394876404438925,0.080105318866208,0.13228898083279,-758.49989956631
57,0.0715881246201815,0.121907185141945,0.012148777835581,0.0114778869105644,0.0832512727166534,0.000898837184770587,0.0927125365166923,0.117378849794978,-759.68062268424
58,0.0411336962077191,0.100081928446493,0.00680543414043303,0.00988202303879194,0.10099377235129,0.00215126901482339,0.0649014356531072,0.119831836370151,-758.818176746407
59,0.0548892737441119,0.0702588642673065,0.00522114392693719,0.0391879049073511,0.104170512791245,0.00231275308458719,0.0835435194900374,0.106602258921711,-762.222229881337
60,0.0514596649671692,0.0925350098616259,0.0135086081754465,0.0258321441773549,0.0854518066733908,0.00509227099276173,0.0563968649659844,0.0937978408763364,-757.979291858486
61,0.0556061184790139,0.082637542597212,0.00840537774969962,0.0229715216454715,0.0904714901701289,0.00960935704060104,0.0622011747414664,0.094794306938765,-758.898707892093
62,0.0427209986048655,0.128731242213559,0.0111014987468875,0.00454426229616756,0.0728766188635325,0.00979561092533704,0.0554309873474221,0.0884367266417477,-759.927159602204
63,0.0360993408476961,0.0927590087095557,0.0238950483808818,0.0167407881799758,0.0936030210645685,0.0114794600222411,0.0486186328266183,0.0770478572175865,-760.279617276331
64,0.0180831248236207,0.154977587304105,0.0136480831822207,0.00240369107157689,0.0889995113966373,0.00474599036539441,0.056130665407698,0.0936377880479558,-763.249916700128
65,0.0262582702807427,0.136636523750198,0.0191973855743828,0.0122449369333523,0.0814631493390126,0.00198536673504845,0.0625171011444167,0.101987667708099,-761.654601033731
66,0.0505789659168163,0.121508227415819,0.0199899833822128,0.00290609123580236,0.0840822412712073,0.00214244954381223,0.0680113524837361,0.0958204109578421,-759.469675821134
67,0.0532331066415287,0.110610928303723,0.0165245940055697,0.00596690553482958,0.0842368884719129,0.00617751838928799,0.0487522758269233,0.0745261770838849,-759.822780917649
68,0.0337639877249925,0.132419495224251,0.0231254565953965,0.00401768551787134,0.086484862702172,0.00501858941138322,0.0456071760442232,0.0873791243342268,-760.432955495045
69,0.042032640715801,0.0649806437657078,0.0431306933836543,0.0238890968495582,0.0863573910056656,0.000609432715960348,0.0473366727269574,0.0804774665925087,-762.173916618257
70,0.0705292373721837,0.0645861934555989,0.0294511091012027,0.0105048996326097,0.0867383318548601,0.0125610788377952,0.0262947907715661,0.0579175188360619,-763.106464018457
71,0.0518320336376631,0.0555410348993914,0.0524741392898244,0.0266897280694919,0.0707857993010173,0.00833289418368996,0.023290063625153,0.0619846199666989,-765.252590445934
72,0.0494985865338912,0.056979430236332,0.0455331113126829,0.0287948289403823,0.0993509209046597,0.00946156927552211,0.04873448198959,0.0834835862251025,-763.998108247293
73,0.0471660962458935,0.0698698603671983,0.00391565430577013,0.0171445310769412,0.0684014550157477,0.0216550832770549,0.0518644002243766,0.118997530510652,-765.514236522532
74,0.0470093121345183,0.114727696423399,0.0247061094429906,0.0125069714812268,0.0662275007911474,0.0116692857031344,0.082863670575719,0.0938785429830147,-764.956275951114
75,0.0432275588305242,0.111388747792131,0.0127440165750655,0.0084537948251879,0.121235730734402,0.00952635784892631,0.0777674256823877,0.101192407279424,-761.991391227181
76,0.0467180136395058,0.137156125052711,0.0132751616352379,0.00973452438274474,0.116657695027221,0.00324881951575893,0.101744975402555,0.137606802969904,-761.646888159678
77,0.0599483911669597,0.115825663137213,0.00914064787743186,0.00412581654160594,0.0700496306779475,0.00144739832404556,0.0826860514926096,0.17289516563295,-762.026734549637
78,0.0655088166405411,0.101795831433417,0.00613065933874378,0.00363139926875288,0.0658997212190056,0.0125131689313233,0.123133450958802,0.159087656175915,-763.261535353004
79,0.0552663474412766,0.109269776083823,0.00484855451596519,0.00362738215473026,0.0823412662038491,0.015644465077573,0.062279735524737,0.169928777614663,-766.482423072151
80,0.0613485111343778,0.101677870234764,0.000459587643735133,0.00746152565915761,0.0698554545785801,0.00634968363253188,0.106572839680583,0.144985384606193,-759.624076352152
81,0.0380540110983164,0.1122779362508,0.0197423357247618,0.0242911738715331,0.0775142359135391,0.00559481322920182,0.0802042961593921,0.0791242658229306,-764.503135785873
82,0.0705816098806838,0.103896199134013,0.0186116761339946,0.0236975525867101,0.104521889526623,0.00135679749566426,0.0309128454575456,0.0849279225655692,-763.103866670987
83,0.0630586085551765,0.119288912898756,0.0240721762972291,0.0235353944781027,0.0766863482930318,0.00847667009181882,0.0586799855401268,0.077181407325604,-762.100658129902
84,0.0435136108569371,0.109349643344886,0.0255953134271125,0.00132323866956203,0.116826522259858,0.0092854477538928,0.0460666033529173,0.0822844606666062,-760.572505610235
85,0.0312820031467993,0.093963659431242,0.0422824848980346,0.00725109144726908,0.104485592837892,0.0105837559585219,0.0529438784280914,0.0999399161874267,-762.678343796286
86,0.0622921334423555,0.0783206754496642,0.0315922282180304,0.00484471563747334,0.0801267855117968,0.00485286340812238,0.0443380186628753,0.0920862100870929,-758.860903851452
87,0.0502464805450356,0.0832360327515338,0.0334897826392426,0.00748038281405875,0.0969786958391994,0.00202363202228527,0.0599529844543883,0.0993678450435903,-758.516072627275
88,0.0438405906986379,0.0700010371877756,0.0224638189931321,0.0354693070027137,0.0868986671415913,0.00396837470890716,0.057313405553534,0.115951925848609,-761.844680389694
89,0.0453596594697807,0.111393504201487,0.022898191805272,0.0325817291469916,0.0764572183989413,0.0005994488519516,0.0607670063270226,0.121661775669993,-763.502037075215
90,0.056988747558883,0.0625721170205056,0.0162219210079982,0.0363925525592869,0.0800189294891963,0.00608699240973382,0.0771111220639731,0.114892810012946,-762.654689665751
91,0.0534483274042119,0.0787948367982747,0.00174835827850529,0.0228245629634098,0.0783995363549234,0.0084934113031712,0.0784596960708398,0.111984258616509,-759.98374498664
92,0.0808732790705439,0.0841404499786142,0.00360500014388564,0.0214136146322803,0.0938353345406269,0.00383790969653623,0.075215170563401,0.0962708279091461,-759.55210789096
93,0.0601331870067072,0.0933382241740536,0.0165034142730708,0.00387743638434378,0.103618474363903,0.0116261664673355,0.0521890477366049,0.0831598965809369,-760.795198388768
94,0.0657519982438428,0.123978874202309,0.0223970890015708,0.00423286313299002,0.0956715590375148,0.0009637686626552,0.0600411373998423,0.091676280654685,-759.925434597621
95,0.0824233058913248,0.0906694716449818,0.0275861950081355,0.00685662952491381,0.0983908854137876,0.00173228774563034,0.0531140948751641,0.0800842028066494,-759.436509161023
96,0.0338764958533316,0.092055296136079,0.0222260705022286,0.0265831026088052,0.0905314304818078,0.00876256550226391,0.0384830111004437,0.0793820346890227,-759.401124578899
97,0.0679797508349614,0.135203362676914,0.0165517516156956,0.0222638694056576,0.0863055299935306,0.00599659531630892,0.0446190691937235,0.0753546011360656,-760.364615422396
98,0.0341851778399629,0.0780716005174747,0.01258021539267,0.0216411959497218,0.0915892015954069,0.00849198414550779,0.0480895237796232,0.0738882022346852,-759.619225500911
99,0.0494682107492216,0.130642713004933,0.0107631394949552,0.011562919811859,0.0969852089508612,0.00524494276255431,0.0362621138564533,0.074381131436774,-759.868037331388
100,0.0779421995308531,0.139995438051929,0.0071600515539369,0.0216514983824755,0.0924352076871564,0.00259890413553596,0.0580611160440676,0.104394371861944,-760.339495981181
101,0.0715974055727755,0.13180099961742,0.0231811961977636,0.000146069016478013,0.0800445793189936,0.00294462880205145,0.0667584911930583,0.100478159755043,-760.271942199449
102,0.0932800742025461,0.124741616927264,0.0227146235545089,0.00397882887379492,0.0953060986008245,0.00398983451274406,0.062029359147144,0.124256589572992,-762.175941660823
103,0.10028608561533,0.0497496242675389,0.0190429875075899,0.0207976738730324,0.0827178330164785,0.00318773125016145,0.0821527249531977,0.116905240866071,-763.827181878314
104,0.102598656711524,0.119212654382681,0.0128397578480644,0.00388145369545595,0.106821838124026,0.00469499957722118,0.0927719672104137,0.0977813918131754,-762.449897352563
105,0.0825136400881438,0.133748960009385,0.0166928931122931,0.00423389817774388,0.0939796775780191,0.00472864503378527,0.0737659700297157,0.0898426580471676,-761.190784366385
106,0.0524893169133849,0.137192891097543,0.0170414062774427,0.0132607334149838,0.100057087847526,0.00401355148863413,0.0784034604982941,0.114926581966122,-759.512673701014
107,0.0407487834291617,0.106190078547471,0.0140076628478375,0.00366665015054456,0.0836164162203767,0.00332277273001257,0.0699863721034769,0.0961390198402288,-758.549897875255
108,0.0325596275444526,0.112738074681158,0.0127369749039146,0.0152355653957278,0.0969979719438064,0.0093412780108383,0.0476158468033844,0.0898373464518239,-759.1097947189
109,0.0452689063603636,0.107477178938105,0.01995076786465,0.0107510056646936,0.0827521950710111,0.00433924389137817,0.0584019151669509,0.0868166099919916,-758.509945684449
110,0.0419323700502335,0.0983110378544632,0.00492751041003881,0.0253553411952268,0.10503317811138,0.0057873340117266,0.0516157635066003,0.0764304470070696,-760.056265963995
111,0.0365638375332493,0.101967158234642,0.00383405197679692,0.0244612204007028,0.0822304762288663,0.00717904299823537,0.0629470184922193,0.0952039010005829,-760.402954708676
112,0.081884709412801,0.0872027814918654,0.00408042491293824,0.0170869206423524,0.0945828037242322,0.0108784089587007,0.0810822790133327,0.110973543342791,-760.724925296782
113,0.0482187751839565,0.105816867275594,0.00016122017059171,0.020034609919885,0.0963359460880866,0.00527242633183653,0.0639492372855912,0.10180144371987,-760.189209731739
114,0.0597956711101695,0.104599918347276,0.0105357944563383,0.0270060811109186,0.0887513930280204,0.00694718482488469,0.0652717253923652,0.088265022788793,-758.988535505579
115,0.0596591654341635,0.0922524355856849,0.013581700209606,0.016887230937351,0.0815970829956251,0.00882603214046101,0.0672407614789521,0.119732300600252,-759.41423023485
116,0.0423146132732811,0.0896385767009155,0.0111977523789945,0.0222960838526308,0.0807833091327378,0.0116422975709539,0.045055218111513,0.102608824310214,-760.040259768364
117,0.0344016796702604,0.0818738561043498,0.0229595445760323,0.0266402425724012,0.0931697409611765,0.0123116369127159,0.0701428459007798,0.0916313470465369,-762.228331406983
118,0.0594568240519052,0.0810762843658679,0.0192663910721556,0.0104331444291851,0.103742771589012,0.003878076592395,0.0655003892074326,0.111279588155496,-760.475204513225
119,0.0520068971401196,0.13933724155997,0.00202246392942106,0.000665042024100992,0.101353274760836,0.00313848480621615,0.115927460238726,0.170555170474538,-760.589249549425
120,0.0638126883010814,0.139277022150164,0.00751502319113435,0.00725405181469434,0.0876554758239465,0.00326456679226647,0.104967451027131,0.141319115484158,-759.396058412967
121,0.041631304789151,0.148641257077054,0.0123277846952842,0.00726284100686968,0.11546878398155,0.00321621581228906,0.106685338775024,0.102956166499659,-762.334944305835
122,0.0636166188435689,0.110505647317497,0.00749883529879637,0.0284943044887187,0.123014157016047,0.00187569679290763,0.0631635917028598,0.096680172983591,-761.328432256442
123,0.0840928230551073,0.108586881403134,0.0107289057885392,0.01064074293845,0.122667175791137,0.00269254585003269,0.0513450125663325,0.0920183005565949,-763.264688181604
124,0.0260694001028771,0.101420397440212,0.0142078892016692,0.0226378425880271,0.110761184045951,0.0060982144411219,0.0558420766653391,0.0881140801387186,-760.343656823797
125,0.0236729989212031,0.0883790690484248,0.0193978322134192,0.0212901067332543,0.0991830848113037,0.00421499063698116,0.0707471711900951,0.0893978670618206,-760.770413923623
126,0.016063008607725,0.108750968626066,0.0239072011984153,0.0349755011692472,0.104671043632598,0.00555209372709602,0.0360622537663784,0.0854683762427611,-765.054045916825
127,0.0616789060255851,0.0975592514822985,0.0208352191961157,0.0118575162092127,0.0840753208766741,0.0101936974870671,0.0443695521271032,0.120762211143294,-763.600675191135
128,0.0544164291981,0.0553408689042816,0.0389624966832999,0.00438039100916616,0.0724460039241959,0.0041850915012307,0.0714249777565465,0.101541399640371,-761.859908941874
129,0.0628440987133611,0.111741508707367,0.0323136707301207,0.00677053477204858,0.100464601279605,0.00399978336612332,0.0445539217735962,0.0540255331620424,-764.009008877005
130,0.0424066876560257,0.0583140082500197,0.0276357423000834,0.00635984404956046,0.0797994862666555,0.000205078457206213,0.0441049328744265,0.126299353926792,-765.148688025856
131,0.0797962127340145,0.0624392510366022,0.0209630463871573,0.00553465417142448,0.0809956260828227,0.00611047950202222,0.0896153996290231,0.122376661809694,-760.919085808521
132,0.0743740845891714,0.135850223162203,0.0241434851006172,0.00664035211375902,0.0729212994032067,0.0052854436358906,0.0767962942749983,0.123533439223131,-762.647202356942
133,0.0477923905880558,0.0562814628922234,0.0185157811837229,0.00138366235154189,0.0863142223052216,0.00363479020103628,0.066590341553277,0.0852114296266745,-761.896818138587
134,0.0490188276349698,0.149593375136608,0.0172874483880655,0.00497415724644839,0.0970439972632395,0.0121375600742149,0.0610531405278552,0.110211794661893,-761.110151193399
135,0.0609622965177376,0.131695194949141,0.0173207525051502,0.00831263761174718,0.0954655003782514,0.00803859738070953,0.0792577422782523,0.102202466926896,-759.663049465871
136,0.0401572043260564,0.160718085052282,0.0139030467956869,0.0113457739087065,0.110364227785971,0.00920712271539773,0.0555708689095547,0.0728315680862916,-762.76861832026
137,0.0429653155965834,0.109612465171984,0.00878593578715378,0.0271627235781191,0.108695935189421,0.0127574050685463,0.0489117686515322,0.0846159025500443,-761.340248949184
138,0.0746986612084808,0.107336437577583,0.0139198269538577,0.0211804631519867,0.107208755169961,0.0140712376495555,0.0486883108398676,0.0841815613941247,-761.881711216139
139,0.0304419972557155,0.074585349840431,0.0172368537869414,0.0166934092775559,0.0742193072666757,0.0069967040194625,0.0527338131814695,0.099855055869569,-760.424630756673
140,0.0472484504515396,0.10010931455307,0.00716667872561828,0.0138858423983035,0.0933848586795826,0.0013763780491491,0.0523793645222221,0.0825731407925443,-758.606139710355
141,0.0665690823321828,0.0871256804903876,0.0330754224581418,0.00941280618012537,0.0930253093739503,0.00512926122366179,0.0506325317168597,0.0915961447387438,-758.837513018105
142,0.0513159966765629,0.057196598941495,0.0354045100994683,0.00715497118481475,0.0811671400464413,0.00181717202222501,0.0398866839883769,0.103843972552074,-761.866492455107
143,0.0574061112827217,0.0970371126670239,0.00454702775940954,0.00498550142890014,0.0812886774354252,0.0142472952264949,0.0848689006529124,0.127195908470242,-759.985825871476
144,0.0596294403970356,0.14069468720873,0.0107929836841215,0.00790754397464805,0.0911435103491883,0.0177730869100104,0.084045858873744,0.12526455868562,-762.404876485527
145,0.0638435286517148,0.102679523307212,0.00452263538480053,0.00201920073324821,0.0831319580392298,0.0105119704566382,0.0772433467253971,0.116804995427644,-758.930404647816
146,0.0509350206750072,0.15213796616658,0.0175181188657298,0.00278419222228147,0.093564445002363,0.00907166329571265,0.0758517932293792,0.0866960130417792,-761.651872149896
147,0.0703143623277462,0.0815601781356353,0.012605504123475,0.000164403236801171,0.0899010221858668,0.00360533592216237,0.0572112016709666,0.0921931535746464,-758.703097887048
148,0.0632599720621181,0.0706543837652279,0.0428778788161208,0.00221121572084465,0.0782031310697908,0.00792706275289486,0.0578201278800387,0.0889264795486293,-760.009311009175
149,0.0657873689355035,0.0686078615398895,0.0265018168136967,0.00593652155197476,0.0744671450345769,0.00131762551831455,0.0555112068537611,0.102467439249239,-759.595981133273
150,0.0694533774178941,0.0706734310545266,0.0365929347825082,0.00962383208419587,0.102328680457018,0.00188995721075199,0.069996146219665,0.0996436664697833,-760.029620225896
151,0.0791037200016291,0.0870804949518186,0.0352266415529918,0.0142065368391012,0.104262904928074,0.00287708266004298,0.0781514063650146,0.111243235300202,-761.735581013797
152,0.0498582488082782,0.0698806137673141,0.0112506285999957,0.0287209254700861,0.0906116549892493,0.00480039612674223,0.0690567876010744,0.131060997234336,-761.446556549049
153,0.0514594543441045,0.102964932912147,0.00700491731801567,0.00959636364627233,0.0761053403467941,0.00203770170713737,0.0736674292243197,0.0948797033978483,-759.341354792493
154,0.0447357724223447,0.105768344007928,0.00901058557492547,0.00591025404896243,0.0808468883748154,0.0029039309274588,0.0724215298472807,0.112092183695691,-757.649110882886
155,0.0544532797384506,0.0776731781606183,0.00896624609374781,0.0329302009736416,0.104691340942767,0.00119294472198335,0.0851065172818707,0.112757295881215,-760.826176595329
156,0.0471549722587464,0.0684164210659222,0.0192393385502772,0.0100023884556155,0.0943660949361367,0.00352153347467741,0.0503855207034256,0.0704157241180811,-761.233216342975
157,0.0877306100493385,0.103924358547187,0.0253892777117919,0.0143576264723915,0.0794788062203853,0.00301284457229777,0.0360699320729931,0.0935929517547356,-763.380465001771
158,0.0834408359410416,0.0859635425438007,0.0214661797108741,0.0353152579113095,0.0856101667460083,0.00901936642093923,0.0746869084823352,0.0905169340354099,-764.19286728119
159,0.0690193988092529,0.0996776322679961,0.000205520175804105,0.0257326011196661,0.0952639012196587,0.00243830734815471,0.0654394020357147,0.0884151528528277,-760.394043955492
160,0.0737610910877248,0.0986949730121355,0.0074978450693209,0.00928377072383777,0.0978141018801041,0.00892741723198494,0.0709608524122571,0.127963414036612,-760.744206090708
161,0.0600768896649253,0.135052265018862,0.0126912403895142,0.000986929773380368,0.0874153428559582,0.00519064812688676,0.0834378939699814,0.114748476834993,-758.522384036888
162,0.0802559896074739,0.130392255162538,0.00669856128037244,0.0136584214079082,0.0901081166847884,0.00727746699190642,0.07895851054858,0.114781119104223,-758.974130951658
163,0.0653676299660556,0.0723172854658499,0.00581044278662631,0.0123359021139249,0.0685018387579536,0.0138128202997881,0.0564048776785001,0.104734702376242,-762.073399046753
164,0.0626140291321237,0.13585553616757,0.0102481326240416,0.0099267114323013,0.0943445416308346,0.00793674340089989,0.0612068957194694,0.0918701233450829,-758.408782195821
165,0.0586141872462622,0.140322388890115,0.0120351703958279,0.00420872920262286,0.0980888603381825,0.00631948679801668,0.0594350743513596,0.0989932613187208,-758.584453951092
166,0.0594301284882868,0.167866786621363,0.00314932072711068,0.00641413229125398,0.0972806090333157,0.00509024815868295,0.0804877333442399,0.133589880311835,-761.428796498479
167,0.080757010795813,0.0937750668087052,0.00582801345698259,0.00527137700180236,0.0696086095390811,0.0104369768668382,0.103458982226295,0.150239690700269,-762.127513184011
168,0.123969873772979,0.134188808457943,0.00124382716972239,0.00593002657542589,0.0740569934745474,0.00227502416451741,0.0852906178453698,0.140997632515571,-762.673796178667
169,0.0901505326017628,0.101241732830517,0.00127378254782493,0.00743908415553655,0.0917420711740147,0.00100166811401955,0.0817481810808636,0.11304168332334,-759.250662895765
170,0.0465035028027079,0.113434853099799,0.00304462948568638,0.00873763726074474,0.10024134933681,0.000410433929832181,0.073067422248848,0.112962555492514,-758.55711078556
171,0.0755206828557372,0.12685537276864,0.0154870157965466,0.0118120621230362,0.10271523778824,0.000263446660216482,0.0683457318066583,0.112045676964954,-760.217275380864
172,0.0566778842172266,0.119109478268929,0.0100911162729437,0.0104970541897026,0.0901230777346484,0.000195080951599365,0.0574202092227847,0.098845370490207,-758.513478376046
173,0.0493510412811499,0.089068646122163,0.0276660008031595,0.0267501538213783,0.0935705845599169,0.0123311414634999,0.0318275342240855,0.0475916515278947,-765.115088590843
174,0.0221178710446447,0.086348982066104,0.0304151293018682,0.0354630358503985,0.0968975078107651,0.0039251006696888,0.0337557728053239,0.0487864032825981,-766.421657478039
175,0.0248698693274143,0.0859474067570822,0.0261659286637701,0.025833641084108,0.109811592301109,0.00551265520135443,0.0271862564852666,0.0734787806447259,-763.225601857218
176,0.0214558507638272,0.0986961620179362,0.0262761674458168,0.0252074083475757,0.0938487132081215,0.0120575445159349,0.0252251249124533,0.0527652281906436,-764.645576785281
177,0.0678072262479818,0.115671082936074,0.0178681658109969,0.0246618198566408,0.0850715618670109,0.0100020667393058,0.0270166199381264,0.0558902044801322,-762.572577919431
178,0.0486618711836899,0.0874024239312353,0.0254238565537441,0.0228516036647117,0.0739818540525981,0.00999216451554238,0.0274316972756459,0.0607955631622195,-761.852172539656
179,0.0413805373198712,0.108357842995476,0.0312226735309092,0.0179497147524874,0.0679087820580119,0.0149848818562032,0.0287647267959798,0.0772688492238835,-763.945969336046
180,0.0385636045153032,0.118153925341202,0.0215651702341749,0.0222070474298907,0.0818244446605521,0.0113502402401025,0.0582539466383409,0.0770422951536242,-761.442258227096
181,0.0674264456910431,0.108371585019578,0.0106765107027707,0.00893078798700178,0.101847756214079,0.0078855861299682,0.0458282265010916,0.0906142468038538,-759.847390832857
182,0.0740258200877484,0.153984142432925,0.0123866586204301,0.0171982085652065,0.0913066074461608,0.0044973454735179,0.0531886903265669,0.0933826485441257,-760.468486028136
183,0.0395710350555653,0.117871377919354,0.0182072531365175,0.00283938584621152,0.0825425750525627,0.00669660611627677,0.0577032359646666,0.0945188283851305,-758.743113003308
184,0.045478847613268,0.141869562992359,0.0173249828511419,0.0123709203800475,0.0832841197846651,0.00596814761681574,0.0771315669271827,0.0946855498596053,-760.829568134255
185,0.0517732924223393,0.11036979501064,0.0137064362586632,0.0164617969463066,0.0899725334813702,0.00538609734162843,0.0531379284864304,0.104284482473262,-757.978163007578
186,0.0546560260407633,0.107940191687565,0.00739837491109812,0.0138106815324108,0.0862102242490286,0.00303356556790828,0.0581633967537742,0.129957220367309,-759.525039014711
187,0.0564993439514052,0.126633993311524,0.00461982237195561,0.00590371864725906,0.0834732556958912,0.00904271021502908,0.0902322298938044,0.117648795808029,-758.648693251089
188,0.0666579415850853,0.115099656391846,0.00269370756267257,0.00651202318658318,0.0830069089824992,2.45499555432411e-06,0.0908402672309949,0.125844236319401,-758.081348749433
189,0.0515182521199757,0.0890301493552509,0.00504828344151341,0.0209225703553585,0.104017092749272,0.00107092385677937,0.0635823472777337,0.123811911517626,-760.139973393556
190,0.0537997774396749,0.119106384949627,0.015814359788271,0.0167038644057519,0.110200652626033,0.000189185797692894,0.108289144368743,0.132698430156759,-761.155685944403
191,0.0337266009062467,0.082178684079777,0.0115746937419882,0.0131661818141885,0.0904297660374467,0.000976507898568377,0.0623888648149319,0.125869916497661,-759.972322514158
192,0.0512329819350047,0.0994902033694912,0.002430288327205,0.0115749448798364,0.0801741718851316,0.000182921949968052,0.1053026076591,0.14971050117406,-759.105798380585
193,0.0870320877519528,0.109581776105803,0.00140002599494499,0.00358947647772844,0.10425095099865,0.000128715442223557,0.108564873127997,0.124524932659058,-760.324188136665
194,0.0488185609384199,0.132614714710726,0.00677024805292675,0.00230883167149715,0.111907880671178,0.00525810913631862,0.0718067130327328,0.111215650800238,-759.55960638153
195,0.0521312258417022,0.131179736575773,0.00695163922415286,0.00527271669905323,0.0900453334216862,0.00087337428558639,0.070559635898614,0.110070280343791,-758.064034346449
196,0.0479589368211663,0.125167353400991,0.026183191065929,0.0119505014302847,0.0917865857346712,0.000672735491601429,0.078708279567506,0.107068337982117,-760.438746439312
197,0.0465767083376792,0.0666218889774739,0.0407427948496914,0.00721738255121125,0.100709202100132,0.00436405597046695,0.041156686284801,0.0757553972816545,-759.753714307466
198,0.0442955816172793,0.0770795581656978,0.057547141934448,0.0013579650594901,0.109706432711915,0.0081673810797479,0.0464543966013817,0.0733005425949796,-763.061844682645
199,0.0602527246856011,0.131784956148521,0.0499883363800771,0.000771063650037785,0.1042939343886,0.00894654611024957,0.0348826364714568,0.0767255861082773,-763.629751963059
200,0.054398480831489,0.12789142896838,0.0541691942726074,0.00731113786012144,0.104720892968005,0.00438137792342248,0.0377635732759199,0.0879861656091278,-764.788437929095
201,0.0846584882105017,0.0603041443340195,0.0464433879454903,0.00611159470461718,0.102880503525895,0.000396890167348005,0.0594745784846927,0.0912341099573961,-763.20848974065
202,0.0656691570280826,0.0997103597457147,0.0406044035369496,0.0139198767464193,0.120853830356016,0.00881554167414299,0.0647846310779664,0.10838814954209,-765.47655041385
203,0.0735207905875828,0.102929484969532,0.0291075886155106,0.0108019434092404,0.117001131913496,0.00556518747062625,0.0600249378150639,0.0939391905402025,-761.410430644723
204,0.0952339813829126,0.0909143193887186,0.0249294761773235,0.00532052933676084,0.0657560606881929,0.00415693179433996,0.0563035501996631,0.0980819467523764,-761.486120407259
205,0.0827588928359094,0.0866561611110853,0.0318726549098562,0.00253311398407357,0.061737041804122,0.00408449132473448,0.0536725950293124,0.104330620576997,-762.231719188766
206,0.0790054450903378,0.063301479472983,0.0313870280059879,0.00554110292623448,0.0885051641094515,0.00160554425136198,0.0548117702780526,0.103257742507036,-759.822907855733
207,0.0304785744716191,0.0831224910455529,0.0582532449067448,0.00733815970261594,0.108931652706646,0.00306594276036747,0.0606799684517286,0.0776396275752363,-763.349532574094
208,0.0314507066200048,0.0791726146563202,0.0551811517837048,0.00148635548813649,0.0814448808571057,0.00199496176499394,0.056631848421768,0.110651182392682,-761.865107873421
209,0.0677580254222408,0.0843539259531823,0.0441883615106179,0.00262796948242221,0.083092724953669,0.00401134297536178,0.057040845317911,0.0979989927929868,-759.303337599493
210,0.0294638051187308,0.0853214707209665,0.0588995652568639,0.0042170716412577,0.0824083162000498,0.00594787153620176,0.0490012404382612,0.074557811630026,-762.40507564954
211,0.0580511764351507,0.0847925004690097,0.0553389461045131,0.00334674931014989,0.0967489523768216,0.00421377595969358,0.0471228434517517,0.0831049634470755,-760.732384443832
212,0.0522809930171286,0.0854361146588568,0.049302187935231,0.00231025599887501,0.108289030281621,0.00241476603844344,0.0708373254332959,0.109714378412157,-760.970857332197
213,0.0512159893125154,0.101314172348188,0.0218450376409565,0.00125414788776915,0.0909122665042561,0.00188838985514512,0.0756008940586181,0.102868408218672,-758.079743545503
214,0.114199760631945,0.0896613043678118,0.0211530966284446,0.00622981106765963,0.0981566292755534,0.00883458831754083,0.0697176085481435,0.100454717801777,-761.773720295244
215,0.0440624599010453,0.140902818883405,0.026767206921056,0.0142467094107568,0.0890036893470186,0.0087626303839814,0.0551575244115697,0.0854870107896787,-761.237077094157
216,0.0543364552984499,0.0849496640028902,0.0147487808575489,0.0365415804303771,0.0805198939000766,0.00859109493938433,0.0359847411538329,0.0738219971394352,-760.078145014368
217,0.0397072942391609,0.103529202762268,0.00903847834972815,0.0202505543382695,0.0861618076982864,0.00455874795788542,0.0320311888124172,0.0932584194049511,-760.838384269642
218,0.0496586276951079,0.0971490003269935,0.0152977625760496,0.0230092488102016,0.0872182305002313,0.0150969719908698,0.0565179597771222,0.0773076299843923,-760.6366569784
219,0.0709889587838691,0.0696733874041975,0.0337896167168391,0.00882124783543512,0.090620225380758,0.0124780429880027,0.0445282076926707,0.0945702953472253,-761.44968305057
220,0.0857426040353679,0.102286041176172,0.0177920968927995,0.0214644087467086,0.0684267485277708,0.00265667112769539,0.0498309061357339,0.0910572724778079,-762.394329397563
221,0.0325320193660198,0.108226635527714,0.00996548077225572,0.0175453431727111,0.0884512865636611,0.0149171367232973,0.0508945778720633,0.0762173350604518,-761.099534740504
222,0.0642507510063621,0.111327672965737,0.012650988908331,0.01866336594873,0.0785565562013629,0.00962251477647236,0.0492522679452916,0.0942050126902108,-758.802277364529
223,0.053327449722713,0.101419345660215,0.0124500189117585,0.0245201087790771,0.0773229095766703,0.00745440337497663,0.0750506874770579,0.0967814783105569,-760.039995299234
224,0.0537539716197925,0.121153125831639,0.0196647406154252,0.0169597742745832,0.107819851698669,0.00518905893849709,0.0552612980633004,0.0954415269558204,-759.451509478754
225,0.0632358045691779,0.104236221205022,0.0231253091151077,0.00438372647206103,0.111873825313051,0.00486964760295034,0.08473257004093,0.100815044290338,-760.002843128393
226,0.0935526240944728,0.0701996492923754,0.0191685759308541,0.00560866756916724,0.0700740589425967,0.0067761966595991,0.0329828509889124,0.0596554631520276,-764.446952418971
227,0.0929215050366963,0.0846929983510498,0.046444547907861,0.0205412415124186,0.106280765878891,0.00215421079707548,0.0530374667011426,0.115348475679055,-766.801874287973
228,0.0779809178654487,0.119311831944775,0.0094838064998134,0.0212351999177698,0.102394123672365,0.00242464094473144,0.057693100935705,0.081797716859495,-759.713464339501
229,0.0591124587984829,0.146188567801855,0.0326093618651608,0.0053838398325309,0.0728037396579581,0.0134208426032033,0.0430349177870978,0.0858495684002366,-764.887542385481
230,0.111851349282576,0.0747941161623293,0.0197889790997836,0.0238058343242458,0.0861800104362887,0.01348404497179,0.0555848487559634,0.084146108417825,-765.268344950702
231,0.0102118712326387,0.0742597656250566,0.0206531119296379,0.0217151384740477,0.0839827539415661,0.0105952658927189,0.0570462479591815,0.0961573924192651,-766.114425463231
232,0.0366545886601419,0.105352083909535,0.0148654043191214,0.00388024167548072,0.0867779554241502,0.018228799086919,0.0440127776136841,0.0903986375027137,-762.082251691721
233,0.060085723422234,0.111289456748748,0.0106661509115046,0.0156390467209397,0.0948037823732431,0.00512051526863693,0.070641451232755,0.0924501503303445,-758.028668456942
234,0.0602827937239614,0.105942697740068,0.010573972636499,0.0135724732032488,0.09229992535897,0.00682373100131978,0.0455918129953739,0.0867861647722769,-758.015552640134
235,0.0221836606433415,0.0661148034339455,0.018306831605142,0.0396315297589019,0.102849660439375,0.00858240710638574,0.0456784024105202,0.0791052396949254,-763.665583549487
236,0.0688104836659728,0.111121310058534,0.0207567195857051,0.0322547849495011,0.0737503977958163,0.0183717917162601,0.0578176148535698,0.0785932074653093,-764.713478488626
237,0.0436417218605138,0.06603975290689,0.0105744938934214,0.0221779788809547,0.0983551743356271,0.0157245612428409,0.051796657999168,0.0839092151644724,-762.896778322126
238,0.0433761266000343,0.0554708373929426,0.0218800270217541,0.00730629779677606,0.099895192174814,0.0115365368331189,0.0623512435833083,0.101558677980602,-763.925104814002
239,0.0525925276667113,0.166218779069849,0.00804837614239189,0.0166035942451547,0.0916564345686674,0.0140325304374333,0.0566282901696919,0.101962024116898,-763.256759205468
240,0.082400882316698,0.088410870486522,0.00347009222002295,0.0290127363255767,0.0663346397128517,0.00633721295330089,0.0648836435058803,0.0867391437486247,-762.315895045028
241,0.0863942460627304,0.0931450531714877,0.0027855188818645,0.0269113254929499,0.0700931254994109,0.00966845764682333,0.0420523896829538,0.0867774115095244,-761.466372672462
242,0.0478172453244684,0.102749057611201,0.00214001155035554,0.0205075843829807,0.0774188182480489,0.000884180419895934,0.0508488389041993,0.099211388794434,-760.781429640643
243,0.0844633333916179,0.0998951923361535,0.0108375124757068,0.0160944605341256,0.0887070133351237,0.00189633709769193,0.0752072358072955,0.115929937818772,-759.470462058943
244,0.0786235089886392,0.105678440634836,0.00202868182206438,0.0204682029380678,0.097491473886474,0.00476543540035538,0.0864087675563085,0.117297197209768,-759.089314101118
245,0.044822636140868,0.07653085047066,0.00313858350678612,0.0207434500295794,0.0811934757667078,0.00843992346220733,0.0675375514724435,0.0989423754024435,-760.088173066897
246,0.0826394989025615,0.103803469275683,0.00580533938221374,0.0253637230511197,0.0879137741060688,0.00230470267357214,0.0723554661985686,0.113277022938859,-759.35906314006
247,0.0812628720330905,0.0990759155012221,0.0121386950731702,0.0203054468637473,0.0813098325459655,0.00700805386991639,0.0800959916490665,0.115916265256031,-760.262018799905
248,0.0598900606106737,0.109216422971618,0.0104891680357905,0.0154727030805976,0.0869890775320074,0.0108238460396307,0.0582107489335331,0.114106845613509,-759.274613691528
249,0.0416674125600051,0.100893627928249,0.00479611353499043,0.00492350817350649,0.0738492376165988,0.00738028434133157,0.0595046306381213,0.136000406316,-760.760947106807
250,0.0746960347742809,0.135277099661711,0.00244698797794162,0.0144686450232782,0.0692264897006346,0.00819942053112364,0.114758657398584,0.151003664406874,-763.385620326622
251,0.0791868698614014,0.122765469056698,0.00707040182931754,0.0112526813883345,0.106978416630381,0.00644176674247356,0.0934606010557094,0.151589739989076,-762.506024416751
252,0.0539761840165229,0.113033008526581,0.00456061725250954,0.00328997915092948,0.0744289423063155,0.00284979096624246,0.107977957663613,0.140970552465763,-759.175619045858
253,0.0665680873123026,0.0994479846161783,0.00712959736946476,0.0116805230850206,0.109789575503854,0.00144395263178793,0.138006892806892,0.174272089505823,-763.198159324946
254,0.0505381813412897,0.139055331239712,0.0104901754946955,0.000429763447916797,0.102329897128153,0.00257901487204536,0.112181222426776,0.182654769655895,-762.61337413992
255,0.0599985335082604,0.0926086200206189,0.0259603574082813,0.000363431181893007,0.0960658036219764,0.000150469471715826,0.111462054161312,0.127984031309625,-759.665861683498
256,0.0480654091573973,0.0828820990906553,0.0224603663032556,0.000874384153467376,0.103821507304945,0.000941811250815704,0.0657046567288151,0.0956926107597486,-758.120693456891
257,0.0647361714818375,0.0940781747926411,0.0394263934852321,0.00433636714940112,0.0926197645735343,0.00327549973718454,0.055191677323634,0.0865696478911343,-758.701988809387
258,0.0856716108253062,0.0780764874372466,0.041407724097427,0.0155682318967752,0.0962123434718454,0.0011001191718664,0.0536331889916041,0.0811166323676609,-761.524750231268
259,0.0892246161267653,0.104991682165326,0.0145970704330719,0.024093934474623,0.0966131428831483,0.00147212481774728,0.0457183801904357,0.0745780099833973,-761.755554440157
260,0.0272036943370765,0.11066579646861,0.0190574165327363,0.00922184419521493,0.0919258377931366,0.00461704926116935,0.0496317852716865,0.0730733032217792,-760.108334238264
261,0.0298571475757624,0.107176432424737,0.012051300915045,0.0160426424112321,0.0965175059205938,0.00634603932096486,0.0539134289222557,0.0863850442567211,-758.685480735048
262,0.0316367053222072,0.099446565662869,0.0143069394389543,0.0182420393855391,0.0881691091890139,0.00440283116644558,0.0563762289312333,0.11256056804872,-759.115018687416
263,0.0566335486750355,0.0783746417159612,0.00260069283279539,0.0194746696883463,0.0688766425589853,0.00964403704477062,0.0719454158841348,0.10873822101871,-760.408811396271
264,0.0990892106274442,0.0932100894828987,0.00550676121072771,0.00514635253684859,0.0740971208869926,0.00138169376101133,0.0709369648624641,0.102300089478179,-761.940654250742
265,0.104812621676154,0.0948790867845065,0.0333927049932737,0.00802445482092716,0.0648212580670061,0.00879203355811057,0.0537913808977962,0.0873998221750356,-763.440688731814
266,0.0255701394543458,0.0766329381580205,0.00863500204867492,0.0299749366536153,0.0869089490679746,0.0133642631754973,0.0556371780610414,0.0888041692331229,-762.880778229674
267,0.045085310318892,0.0794395664666632,0.0162554662644181,0.0177221767600645,0.0856442302821939,0.0107709012929636,0.0412986103793601,0.086923440645955,-759.48721989966
268,0.0359046086728526,0.111949271830847,0.0156980823929831,0.0181433184106445,0.0904982141052485,0.00970552654979534,0.0552162813214288,0.0661803898588695,-761.227063485127
269,0.041866463207073,0.104540321437079,0.0166078853716431,0.0159174561777393,0.0867984799543188,0.00657311492183142,0.0531177706156028,0.113511218712146,-759.111902564754
270,0.0406242165599311,0.129106733568696,0.00410822549128693,0.0199379174787793,0.0731661260158372,0.0066287537388555,0.0639908281677948,0.115837937404737,-762.417407803876
271,0.08267915585604,0.110253597366449,0.00113755653718254,0.0239145011690115,0.0624662214168595,0.0146241425694715,0.0820819134767012,0.135840155218548,-763.742998337238
272,0.0986682758437045,0.106198741465229,0.00659643467594657,0.021283577526031,0.058553830797326,0.00259993474977151,0.100321051728741,0.129895870420252,-766.593666469016
273,0.063932014465562,0.108254169593188,0.0101825074521519,0.0209995753681257,0.0527986266524119,0.00228233025299911,0.0881901226716754,0.133756822881661,-767.635614448151
274,0.0627668500315128,0.111125940184459,0.0230798869552118,0.00302687265046459,0.1123276211549,0.0070817790107074,0.0992024177395177,0.115664611470432,-761.522115744174
275,0.0982830597359811,0.0818795596899965,0.0269595859305489,0.00871268763327478,0.103961543505897,0.0143849511882035,0.0627023037956372,0.0676132223449801,-766.007626539219
276,0.028366460193641,0.0802630847345396,0.0358603824739422,0.0089042427189347,0.0805594224134568,0.00275853427470313,0.0342469625792754,0.0815368678981094,-762.104206939795
277,0.0969709344509129,0.0732376537387683,0.020648903541445,0.00691514476937805,0.078704018761349,0.00101149947682939,0.0602748232950832,0.0985309015771359,-759.977369929776
278,0.0912004145055868,0.0932359504880075,0.0356862986961856,0.00731664415212928,0.0803137739286626,0.00314673745887493,0.0683588914951897,0.106017445029073,-760.668548169186
279,0.0830292903599532,0.0942353610126862,0.0314519675010863,0.00906715357459798,0.0760544117102295,0.00546803574124156,0.0729766957115078,0.0896072248494849,-761.63761841418
280,0.0713103731941287,0.0655453243567659,0.0399987418937086,0.0139386309824529,0.0967885762133061,0.000383111561134332,0.0400421446958729,0.0782105456788555,-761.337760644572
281,0.0961765093496203,0.0639506292254109,0.0374015135923568,0.0107148072552977,0.124054116452405,0.0118563438974104,0.0449494350941579,0.0753814553609636,-767.668332692088
282,0.0518121686986674,0.0872983380914638,0.0293219627123464,0.00452113289584583,0.0873014904076065,0.00902757689214833,0.03655544704022,0.0722474239980857,-759.528311083367
283,0.0389019878838589,0.0944118353850972,0.0382369342584137,0.00231151633798624,0.0703459940847354,0.000568492281424031,0.0448591533765116,0.0940038937804676,-762.637520582161
284,0.0419621009978774,0.08175493518205,0.0393323982205677,0.00352758507485256,0.087745832609999,0.00121743789015586,0.0600351856439589,0.080676359318609,-759.549869816134
285,0.0745427465390033,0.0845584476051174,0.0266979578184238,0.00422701946647945,0.109688000336929,0.00464101569995941,0.0510906720187619,0.0747043278952205,-760.031148877991
286,0.0687518404735425,0.0832814175091033,0.0333497643944709,0.00302532201747888,0.0926633804129777,0.00499883843155766,0.0609986040084312,0.103218378922042,-758.355616556511
287,0.0760711644832355,0.0825341327369473,0.0127980537665866,0.00168390614164461,0.0625027738457219,0.00538131922679122,0.0535578392201266,0.103838659067179,-761.777614875745
288,0.0403711185831815,0.121252569643359,0.0122439703954311,0.00219118520511396,0.0624580749831064,0.0103814230836899,0.0831477490345242,0.140677183536776,-762.468701589344
289,0.0523082674460861,0.118756518990659,0.00583046118401056,0.00287767943888216,0.104015891677893,0.00601776146286618,0.083546843471789,0.130677117595816,-758.994125819479
290,0.0821070778948092,0.107168094791048,0.00881723115136327,0.0197092336309337,0.0708943411566009,0.00368440499663004,0.0630638552536374,0.113014709191916,-760.302627589409
291,0.0673197175077975,0.110039542222935,0.00463695746963145,0.0140447825774035,0.0724150407435409,0.0164385137433486,0.0667889880398822,0.127161514268526,-761.146996902264
292,0.0713152064879702,0.124845390625042,0.00384647196310374,0.0173431060197334,0.0826759847820302,0.0135223988147371,0.107074679406464,0.135585104453249,-762.358250533485
293,0.0773677211570035,0.112640147283732,0.00335878973263751,0.0143316845824033,0.0953559200404472,0.0112646541462151,0.067884205542706,0.0897938574385791,-759.83016508813
294,0.0849907818685638,0.146924627100283,0.00652667716408009,0.00611509434421731,0.0687673277044485,0.0125840446290895,0.0548839778874384,0.118476946167488,-762.179818007048
295,0.0833374099619166,0.105579419317841,0.00533057172242854,0.0113835538658893,0.0745169068277161,0.0123973638987556,0.0653177893916711,0.0990835378908077,-759.735118708669
296,0.0623672719213937,0.089977548727106,0.0026395828682879,0.0193681942691271,0.0742536717992783,0.0017724311857981,0.0687391072305652,0.1112080151987,-758.96178140346
297,0.0699707326967959,0.12471492307525,0.0129194408832268,0.000943807794773733,0.105283581563665,0.00452435555424619,0.0880107094545332,0.12739898399368,-760.41815831363
298,0.102484725081351,0.120245670472457,0.0178262425056716,0.00233057173255553,0.112872313822705,0.00401896085473337,0.0940100110133155,0.131198927787946,-762.555929455326
299,0.0655443894320614,0.101672811488113,0.0262232694264627,0.000924178621482945,0.10574408965347,0.00557002946866945,0.0854707011048259,0.10976093524504,-758.931021360767
300,0.0553281543674866,0.0912999318334685,0.0278437123761263,0.00479569724347978,0.0891758169597444,0.00394467094189868,0.0834897296915497,0.10686208871283,-759.03852662637
301,0.0765475462182152,0.077023588798509,0.0118701422919625,0.00482684024903362,0.0871597763003832,0.00834117203876839,0.0888638195848168,0.119950407787387,-760.733883896849
302,0.118623118175485,0.102501852408436,0.00257122215366411,0.0193902035092964,0.0882162124026623,0.00283496613498749,0.0847949338288493,0.115681608096696,-761.74295444362
303,0.0799224456666366,0.110476289145689,0.0108853949724692,0.00197292105948731,0.108471410148633,0.00545706651766491,0.100469219398229,0.119292015710901,-761.441417498059
304,0.068273176894288,0.097725402057603,0.038140508305286,0.00522699891753112,0.0775336118542899,0.0101515861386443,0.0516280988137907,0.103179226439988,-760.892355646219
305,0.0891452464589944,0.0532855103715355,0.018385701499599,0.0149696276527224,0.0871949933692011,0.00133222487511477,0.0656152896352912,0.110288294957688,-761.490155393505
306,0.0873539497526256,0.124328041295438,0.0081476939487303,0.0113942699971549,0.0900646246891106,0.0010764278240783,0.0808307482077785,0.108762416108335,-759.302723481526
307,0.0742840369643084,0.123729408311396,0.0125292167259054,0.00092885620197318,0.0895377936488227,0.00157065312379824,0.0722557320864444,0.141123229940326,-760.630249728469
308,0.0796327431445185,0.158141682439693,0.0164962281396426,0.00100152055590227,0.0851250961052212,0.000555731534573185,0.0748915204772027,0.102629673706202,-762.369794623241
309,0.0583137986076148,0.127878569791352,0.0113719758546014,0.0166105055264509,0.110507743639166,0.00917098475536848,0.0863580593169102,0.0988658321549545,-761.171737157478
310,0.068016530846107,0.0945847572831761,0.0147813233164005,0.040280540437403,0.0954335161710168,0.0110974405274081,0.0729629864756901,0.0843660300835511,-763.662353064066
311,0.0700545781409435,0.096693771281281,0.00438743975926318,0.0257397888985335,0.0903637154768581,0.010821384740923,0.0385875195266148,0.0768463961997138,-760.185869456677
312,0.0592196682391366,0.118486874122343,0.0282714402247168,0.0168668808915522,0.0790106190877914,0.00903440483371963,0.0403747482627253,0.0906573908203135,-761.430552864567
313,0.0821691391352082,0.125127461873216,0.0115026158632913,0.0111575808917811,0.0750169128917791,0.00549687614037227,0.0639905666944736,0.131532060698051,-761.122904879772
314,0.0828924096306077,0.123775982866598,0.00978045006874933,0.00421710222653488,0.0765081926488541,0.0102448698542585,0.104108184494957,0.145030847577726,-761.429757026193
315,0.0443386109921285,0.0846867853139188,0.0113219873470938,0.0134878038814558,0.0858343619170756,0.0136641416990424,0.0885242414457583,0.107078389181287,-762.019990365464
316,0.0726149776983785,0.151898626176752,0.00980442869287407,0.00401227228801053,0.0837745768478568,0.012407575320175,0.057695793721358,0.0959134675640066,-760.043980637242
317,0.0804330748151205,0.154034739949002,0.0032522256757579,0.0054812455215845,0.0913992914338231,0.0013885875044386,0.0659809706543732,0.084798271303239,-761.873748110611
318,0.0690402117640877,0.130712554108629,0.0164658127153032,0.0154789256003466,0.102223156620172,0.0021488035068177,0.0479936650016266,0.0776381668122097,-760.222429927208
319,0.0737763682416353,0.111713059571626,0.0140421314287974,0.0219714685210036,0.100745511644593,0.0131383278937481,0.0530496231688749,0.081219397742628,-760.87436625266
320,0.0754501106848918,0.0745432245143104,0.0166531779637101,0.0278575894774524,0.101386913161823,0.0028776086899094,0.0574754600136855,0.0799344783349433,-761.569674032274
321,0.0386672794800669,0.102184838589828,0.0222133444326097,0.0322350305716076,0.101515203983463,0.00534792178897925,0.0437250732276161,0.0860311237153438,-760.11249650175
322,0.0421265046482635,0.0652218243320705,0.0157431288869038,0.0357273154342204,0.0750397378186241,0.00574550130811277,0.054450128832301,0.0840964626548628,-761.130622035146
323,0.0506687149002082,0.0745677660138149,0.0111046135730225,0.00834744398141022,0.0752026248797007,0.00463214358480998,0.0570269546426833,0.10598475242598,-760.320982655923
324,0.0518273470629608,0.151766988246751,0.00962136845323277,0.00450676862851845,0.0801088012773527,0.00276562328242577,0.0509434240870489,0.100377316510457,-760.628935640193
325,0.0495038074568313,0.135165646691991,0.0186720020451479,0.00478763535079746,0.0829224957468312,0.00598559160685321,0.0651447205531859,0.0922449823409416,-759.300781614072
326,0.0422725058242649,0.121398434592249,0.0107250304495428,0.00813817614992987,0.100802243618769,0.00656886916920651,0.0641824409582753,0.103966014786169,-758.112336658065
327,0.0612207956569996,0.115555101212648,0.00669407540190206,0.0118913050394033,0.0735435644699036,0.00444070403846302,0.0815620315602315,0.10493445975594,-759.351869456394
328,0.0604377062068088,0.113122041855193,0.0141204117234533,0.00447049309466832,0.0674186838152705,0.00369959975464202,0.0604313898804468,0.084450326645387,-761.550174263306
329,0.0538061764759582,0.12322599291846,0.00225677477260031,0.00929082228239632,0.0607413756012692,0.0201607432212345,0.0641622772572108,0.0987032392404643,-763.775229826198
330,0.0949033957338563,0.138617538990085,0.00257984119481087,0.00152594125610173,0.0874886706578919,0.0267043802245202,0.0591233159573613,0.0930815516390746,-766.489183019711
331,0.0609177406365453,0.138230443903039,0.0395766612608286,0.000807419688045756,0.104369871134008,0.000700534442575696,0.084806363284899,0.0997996446911818,-762.198681720108
332,0.087115536944926,0.0908512783120115,0.00449782532692399,0.00766280404846866,0.0783375472791338,0.000699338573504076,0.0528364112216265,0.104004474782278,-761.834900173442
333,0.0870252418191324,0.14684979481117,0.00501577469056923,0.00937070872799943,0.0730722607073339,0.0142149147956115,0.0530232725494055,0.107149334863414,-761.619723380409
334,0.0897529285637768,0.153861404512145,0.00513451592648816,0.0130863827698505,0.0825018791449006,0.00690877721559936,0.0847111165394735,0.103538086103003,-761.216279751822
335,0.0803482065377475,0.16169692419018,0.0131197015756335,0.0128793741035889,0.104121095146142,0.00420408051423798,0.0818844198687642,0.127918178551143,-762.506818092611
336,0.0806299184423427,0.117029354578985,0.00535731449601232,0.0171487436904517,0.0940094685512543,0.00813643395923408,0.0779253029483607,0.0912789665398683,-759.881966418748
337,0.0447205480584888,0.109376662009947,0.0178684320750963,0.01124672253741,0.102550949086426,0.00400255222951828,0.0508070280190061,0.0847657922095796,-758.436972664063
338,0.0388156622221866,0.12580688883301,0.0119569724761313,0.00972825301625896,0.104322624336577,0.00534170571153845,0.0543318683404967,0.0967905608414086,-758.598381769772
339,0.0420668228925943,0.115328483160049,0.0185358756022343,0.0122113763278942,0.0750641640453611,0.00538627949184802,0.0502956531399668,0.0751633115832029,-760.052570735674
340,0.045590672277897,0.118091118549897,0.021007501653112,0.017079497444615,0.0757704773947925,0.00561743472834712,0.0462915886234746,0.0912527687256762,-759.602743362715
341,0.0469269499987137,0.093201067146381,0.0151279469022588,0.0213454955163578,0.0796990323320544,0.0110688364056551,0.0503599224840954,0.0900520649484196,-758.746533803421
342,0.0272199370462994,0.0721490614105744,0.0145815347349804,0.0243606955099598,0.0780949584213765,0.0165309525864663,0.0534690039919359,0.0869899370130861,-762.930069896222
343,0.0681893280103141,0.140613896315427,0.0264360498298488,0.00694397103094148,0.0938059857656798,0.0135888679623544,0.0578284285164509,0.11013174590393,-763.942066317768
344,0.0357431246887864,0.133903601966026,0.00282778981401985,0.0199061805061121,0.0952784136508828,0.0132854182123488,0.0827765225385291,0.0900372451119254,-765.189910419261
345,0.0379540484692273,0.123916082998992,0.0152783915666662,0.00528467727883749,0.10035356176493,0.00441180729833184,0.0503559916165262,0.0956289545877496,-758.783356779546
346,0.0490584741947098,0.123859276240456,0.0112319688505413,0.0186715104188019,0.0866947948827894,0.00636744566737827,0.0627039422859929,0.100533490254136,-758.467407327526
347,0.0827845907172218,0.0810721852648863,0.0122015626724196,0.00258282887606002,0.0895478447315588,0.00437057977123804,0.0648496822877613,0.118814858206248,-759.390908222127
348,0.0865367827127457,0.0978841192239099,0.0281806082470165,0.00211623046346948,0.0786866028792269,0.0115005613852624,0.0811893882280834,0.113692755708233,-760.910038862767
349,0.0405277544639338,0.0894526222114657,0.0128947429516988,0.0227893535149205,0.0849904058566991,0.00643672637281999,0.0621933179115181,0.100901334126216,-758.330579541788
350,0.0542697937603236,0.0891431574914767,0.00468560207166242,0.0180032218982339,0.0944828717689204,0.00839074157875224,0.0631807229557471,0.0864360760446002,-759.150886177494
351,0.0656331909642599,0.0987603666587004,0.00237466855618599,0.0122912741575764,0.0801779452544514,0.0016929913367604,0.0535558864743998,0.114243524788031,-759.311061242402
352,0.0452027924097715,0.0734621322685279,0.0223762741729176,0.0236407360393551,0.0897611151714031,0.00353752209407298,0.0811479500339895,0.118260368740377,-761.067000976018
353,0.0561213847110477,0.149009218655812,0.00838182405979468,0.00180660730012672,0.0943423738017925,0.00337677599226487,0.0772831427254231,0.102808966109105,-758.802525189559
354,0.0497364225865318,0.144688032354727,0.00945099532106079,0.0094623129107654,0.0999057868092605,0.0057803361978932,0.0726407805901792,0.113377699324251,-758.993632199145
355,0.0804799370487677,0.113870078040383,0.011807427886873,0.018412797804125,0.0850335145319133,0.00735159812849869,0.0549762517083543,0.0995186160248562,-759.067291446411
356,0.0621442684614137,0.136030628732055,0.00477164830426823,0.00825071708823733,0.0923832188169688,0.00872901576500416,0.0500740223054643,0.103021674728888,-759.535595664161
357,0.0783374190804248,0.114746501071762,0.00571743255069994,0.0216729838243836,0.0769384911833668,0.00745166063014183,0.0465015748598064,0.0826386439752009,-759.699962907544
358,0.0505559339992726,0.0811538776640714,0.0198315278045217,0.0173895977736597,0.0937963708210532,0.00629062382043081,0.058086210089045,0.0793304739647349,-759.881811194031
359,0.0423653595232016,0.136784704514016,0.00964772678277877,0.0306520710192501,0.106382573653149,0.0040143230493657,0.0597754216188452,0.0898204477896779,-761.657898462097
360,0.0584839292045758,0.0879976849701957,0.00915368901525601,0.0389769132179533,0.0893587476890148,0.00339495496801283,0.0502365437402257,0.0853973392704926,-759.805363480477
361,0.04218055005369,0.0831869181950927,0.0173139047611755,0.0422940061187221,0.0912035594524101,0.00465743899026618,0.0408643932600096,0.07113722229982,-760.750730739037
362,0.0625620570135255,0.0858215853643805,0.00687466206988831,0.0123955884425908,0.0923170006016206,0.0139815580546375,0.0363022424807037,0.0812921471386995,-762.046461571448
363,0.0594221212507652,0.133224777391318,0.0118775730731112,0.00728655118047591,0.0814132571565232,0.0084072569172086,0.0485216552781405,0.100267685696874,-758.991060609264
364,0.0564275486145973,0.086653837646603,0.0252122301855109,0.00222523421320502,0.0809118552088601,0.000162777009773162,0.0506867282503959,0.0905564692147368,-759.159671574895
365,0.0396728908416985,0.0862585022813077,0.0561785374906999,0.0163748580563276,0.0928518003264664,0.00454726100260214,0.0662957374353741,0.095083938123623,-762.775289325144
366,0.0518826955118921,0.0563758586017516,0.00553642566578777,0.0498103630650956,0.0970921379772219,0.00365533250193818,0.0593638515258252,0.0859120217604155,-763.963218281767
367,0.0499424158356225,0.124051568822565,0.0164764399763233,0.0144806939259431,0.0938659371351865,0.00571223756846561,0.066477755577224,0.0991123347177463,-758.233118994166
368,0.0552909142861375,0.09469092965345,0.0169331677803288,0.0152124082625373,0.089536613986551,0.00455229669699458,0.0724326898192777,0.11176464783797,-758.45576841825
369,0.055175299410069,0.138652774045401,0.0149487598911541,0.0198052712497786,0.108847176700558,0.000807686688137534,0.0961335033700063,0.118459331886074,-761.490805004393
370,0.0592311098451655,0.0788462228204546,0.00163339748932829,0.0117500031009612,0.101435155136811,0.00436305438690788,0.0644562561366255,0.0938790085167748,-760.576693294164
371,0.0531751153696368,0.101338718478164,0.0124212603888144,0.0140793452969542,0.0877234439293339,0.00515246325479817,0.063348460651596,0.133382012649613,-759.721684656652
372,0.041855133174025,0.106432150497018,0.00344016372482442,0.0111986087036584,0.0873729117505136,0.00272904910863317,0.0818155543259895,0.122395514421927,-758.316680395764
373,0.0578760787950748,0.0976524315637714,0.00506497778887208,0.0134141018349544,0.0897246343772114,0.0082349493593683,0.0860326536828567,0.117416188552234,-758.573566847439
374,0.0519211765158806,0.17545763158523,0.0137812698681771,0.0115063792599961,0.0993602504804361,0.0036218753116223,0.0848740171540921,0.0952006824806319,-762.899688873736
375,0.0802117111794124,0.135236151306262,0.00243097794020227,0.015311208244314,0.0847084786582991,0.00692900741021454,0.0570459288043687,0.0957039331214684,-759.481809304088
376,0.0694465977929413,0.106974749626689,0.00608884283142262,0.0166898899688861,0.0884141606836235,0.000398671350096812,0.0510253350437546,0.103435140860815,-759.403163020422
377,0.0533988401743815,0.110620911657473,0.0238763158851652,0.022603973913015,0.0884526479561623,0.00403071661251735,0.0673264296242809,0.111287142657928,-759.914444357637
378,0.0524341172680662,0.0963000364882773,0.0110394679500807,0.0103231922619991,0.086547537305223,0.00172500349550189,0.0889608323499132,0.127727026836698,-758.142330054482
379,0.078433463267612,0.0909220063057569,0.00209927934511769,0.00613967650064534,0.0980175392247696,0.000600761919556442,0.0914521602046418,0.125782648461796,-759.541808886219
380,0.0851049276960714,0.129611697044823,0.00131111115968401,0.0128811658960576,0.104192755403828,0.00295046654354158,0.0861711670705263,0.110327659697804,-759.344840740625
381,0.0393375000183306,0.120730475329289,0.0057313685790755,0.00479816545010291,0.112676704277508,0.00366268226741811,0.0746214536533367,0.109869165361826,-759.571279604736
382,0.0645887648367707,0.111744309198353,0.0174090802585146,0.0134189043752311,0.110071333384998,0.00746903881739362,0.061551154053691,0.0964879853210058,-760.307811818733
383,0.0547990901312659,0.115407094060533,0.0164682661540091,0.0155490849765771,0.0828205886313171,0.00741818133055418,0.043913690147493,0.0838641717082877,-758.389916842897
384,0.0901833725611507,0.115967538364345,0.00107106907140401,0.0167082105778625,0.0666141733015233,0.0161625056352376,0.0650079198349023,0.122184863186755,-762.099444017241
385,0.057527939743545,0.102493654166132,0.00332339892692444,0.0208682779558855,0.0846152918906227,0.00848761795398296,0.0793899613626338,0.107708683467883,-759.093039576154
386,0.0557629929417955,0.0875908984720534,0.00613469614650547,0.0164308125328805,0.0831913270774101,0.000245890251814725,0.0515633321291766,0.0914083039108502,-759.297123208523
387,0.0424966320100801,0.109084311662322,0.0110213366489155,0.014691624834389,0.102683279186903,0.00858315418746824,0.0522915915506482,0.0778271609641939,-758.983337536887
388,0.0524404843829641,0.0978550933877266,0.0174222962901798,0.0236505957049892,0.0771539824040375,0.0108976590089262,0.0533000730438768,0.0995821085437082,-759.576746059743
389,0.0276617487048839,0.080720376698305,0.0156577449840554,0.0189581462991608,0.0903816687474139,0.00333807205019314,0.0476849501786935,0.0746455808609076,-759.567574541493
390,0.0590626087201749,0.118849058333083,0.011363579458889,0.0148875566362599,0.0986229474165563,0.00636659756743303,0.0403841865833696,0.0736995628305404,-758.994743627712
391,0.0369786508372979,0.133456721866789,0.0179557914276137,0.011786689135883,0.103180958287243,0.00552045311094547,0.0415254084346205,0.0642585593961847,-761.533385381402
392,0.040326863828811,0.134978698701027,0.0134577110709436,0.0221826502992932,0.0899518566416655,0.00537729948598185,0.0377094758268084,0.0800087832077905,-760.571431773558
393,0.0303099637144086,0.100590317794473,0.0251492951922976,0.0254469301977977,0.108916602960829,0.0104841846341942,0.0496325094978733,0.0904463666012468,-761.990872456103
394,0.0540715301853884,0.112604513866747,0.0322565716898369,0.0333591133277475,0.0808717129436124,0.0124717952028415,0.0339433680509195,0.0777055926168297,-763.18605772494
395,0.048099585714425,0.104784493223933,0.0390551148287269,0.0116628565584158,0.0961807657547006,0.00233624292728338,0.0606629223624059,0.077041350819948,-761.285433991268
396,0.0511360871314759,0.0804348447053938,0.0471101721959102,0.0188570335911961,0.0934030837292462,0.00138837910766528,0.063829292178478,0.0786507942300748,-762.227615150682
397,0.0583144447427679,0.0709806452306426,0.0385939615975072,0.00248696919521326,0.0937861114149371,0.00383292711787488,0.0406817743608809,0.0818866436035017,-759.305926452225
398,0.0538356636328717,0.10845625175858,0.0295852932965366,0.0169654034321877,0.0842637223693746,0.00630690984995966,0.0671830761605819,0.143228864305473,-764.183333281328
399,0.0279163521398607,0.121382972508047,0.0129057562527706,0.00658387993970794,0.0724917416577524,0.00280247968230179,0.0885290391080201,0.111982500491158,-762.140253420503
400,0.0922604286300227,0.0832649127421459,0.0187435263780788,0.00782066709596834,0.0665105913205811,0.0088864099467023,0.0545430658281379,0.104573329873478,-761.694303847613
401,0.0921774004320296,0.0648332516171333,0.0174312445313081,0.00648557618774884,0.087316684130567,0.00652997547477132,0.0683783184872735,0.135884865444125,-762.387046760078
402,0.0921467427429228,0.0925381304152556,0.0190488186980116,0.00466421719643441,0.0848211586427599,0.00177358310043593,0.081396196514928,0.14429688350171,-760.847173513332
403,0.0619430326177732,0.0855678745102577,0.0328861610220291,0.000353708430241341,0.0964608604247808,0.000896647069548994,0.0912312965345385,0.099522657536416,-759.498526226807
404,0.0365492550383103,0.119324398081345,0.00971761339166511,0.0103421104720536,0.098312462210202,0.00601643330984934,0.0997247250996371,0.103480202397151,-760.813263042224
405,0.0727096399319515,0.120319212950728,0.0115412799830027,0.00746440002071108,0.107985260449496,0.0027132787406295,0.0732980290557435,0.116293954516877,-759.530582553735
406,0.0412230225534159,0.104455602993241,0.0117008970262685,0.0157907231507854,0.097113143444791,0.0073186966969895,0.0594162991632349,0.10589249032704,-758.351149560792
407,0.0335137244449069,0.109884317482548,0.0107930744636704,0.0121022831715737,0.0964827900267287,0.00688578134599862,0.0826575770459569,0.12257410275574,-759.446497689342
408,0.0384779342776251,0.108576497014818,0.00219358851359801,0.0230923755429444,0.0904742085973693,0.0037050604829839,0.0975776779406028,0.129332657672078,-761.516852653943
409,0.0366528512539803,0.0686448399441191,0.0143467970420728,0.0144745631688615,0.0911080371491673,0.00402784457780191,0.057617579153067,0.128913612696909,-762.438838735089
410,0.0374919131820634,0.104329524352035,0.0105343561360219,0.00261643528165593,0.0765404678993649,0.00216543016398952,0.0722154861955888,0.0889884182244045,-760.956756338532
411,0.048569402762121,0.111579084230724,0.0330289062600471,0.0065181534162646,0.138486049115752,0.0055515993163963,0.0718319571048579,0.0808598012279328,-764.358518447492
412,0.0429670956789483,0.114009214082121,0.0236585479564328,0.0307386875669038,0.0903793993405368,0.00649920892908708,0.0299647541895355,0.075846743400877,-761.253076338599
413,0.0731858306016659,0.101379609038424,0.00351920843570327,0.036188685411602,0.0926584062060213,0.00810386357407718,0.0454886628048499,0.0938129963916318,-761.28611526305
414,0.0893618436813285,0.0892210443139274,0.014410177802005,0.0109001749697845,0.0801703837337533,0.00219116018992817,0.0680400877943185,0.110657549809277,-760.677074428122
415,0.0944384475247464,0.0920923615797773,0.0104723996287785,0.0310990680793846,0.0930123523866149,0.000853562527552568,0.0679193799208232,0.113993481534312,-762.037772352848
416,0.0338726016990617,0.0848673309192578,0.0148770674095695,0.0161749065828416,0.100145078207999,0.00242434068544335,0.0856876161668724,0.114439860560336,-759.748004956791
417,0.0444018135193141,0.113065469886868,0.00934685810069055,0.00279303340634051,0.102241147789933,0.00247628049977012,0.0847584531671266,0.113453189966893,-758.273687986939
418,0.0459272668802217,0.132387732708435,0.0174579472514676,0.00759030817672907,0.0783470930709508,0.0017685664640888,0.0595573231695575,0.102304643503073,-759.521877617135
419,0.0653252141664645,0.132482131040589,0.00206029869048627,0.0101085967066935,0.103487466751297,0.00261224136106106,0.0609732521526212,0.086290265852394,-760.167031273061
420,0.0683347846631931,0.115679678752019,0.0135995204819211,0.0124428898490731,0.109283787114807,0.00783225647161418,0.0650497846790216,0.107019156762226,-760.254950748085
421,0.0490992116354154,0.115291494338719,0.00823705894699988,0.0026774433162624,0.0889189276348649,0.00176414575028869,0.08006033271295,0.138274863417533,-757.930006054546
422,0.0532510705399389,0.120914301625378,0.00843315531549646,0.0104000728975581,0.08486656665491,0.00104876832120007,0.0861163179440071,0.123591133332901,-758.151423188773
423,0.0781436365627094,0.12136893452793,0.00343925981596845,0.0026092497568158,0.0774338602244754,0.0026071113823029,0.107896927299556,0.130670298260787,-759.336990186223
424,0.0498432112519494,0.100375538004061,0.00430162665005808,0.00785126247123348,0.107624035810429,0.000355872687841973,0.113243340977625,0.183047104778452,-762.292730114127
425,0.0857060565773187,0.109205749505052,0.016330532197241,0.00603596135073003,0.0689646753102002,0.00510130171595576,0.0955432699872212,0.164041622098285,-764.346245464889
426,0.0659872121495797,0.0991762733865549,0.00196438580184542,0.00611789360085501,0.0820953315786475,0.00581903035946077,0.108296281226604,0.152130617576261,-758.827779550524
427,0.0522584739701991,0.0961477144371488,0.00512589046862451,0.0221442479329131,0.0977674049867877,0.00407999639019187,0.099140815651299,0.110029350698704,-760.165889164408
428,0.0808052134560425,0.114443130861719,0.00837123397214912,0.0249920742693738,0.0947706397864604,0.005837609456368,0.0495500816400004,0.123899473381348,-763.234813351105
429,0.0718799564784979,0.0780116649279977,0.00720240196367082,0.02024917979937,0.0727505423239579,0.00548933535418623,0.0772214915982755,0.108349613630987,-760.252932873494
430,0.0457313187691566,0.107702936465786,0.0121900206629993,0.0190709982956648,0.0912005795249801,0.00940166188611547,0.0746380636469471,0.113155820031775,-759.233939220524
431,0.0407408450892071,0.128919377834825,0.0075716733681916,0.0119327290082739,0.0885463295833589,0.00732653409936704,0.0535007709220874,0.0853103615111232,-759.056749871994
432,0.0906905967015949,0.0922434021148142,0.033348713318258,0.00208966007024735,0.097590500795119,0.00408988280150956,0.0503367941281221,0.0922999523558364,-759.65260524919
433,0.0479124701306625,0.0997335383558206,0.0146249697433399,0.00084488348641314,0.102463198117952,0.00283409371588316,0.0613741355050346,0.081596408126663,-759.781853431644
434,0.0460237583287192,0.0963551061436779,0.0165160755622599,0.041137171253203,0.0966761316555476,0.00160803539143356,0.0339607184338959,0.0806349621145221,-762.154934595719
435,0.03536012409041,0.0645401413089919,0.0127419321308137,0.0498865803580818,0.100382896045752,0.00723702779433019,0.0450510623091561,0.0841966316365353,-763.476694686706
436,0.0534283299242361,0.0590047989870373,0.0181827273200274,0.0285382144626692,0.0880014650693932,0.00841052902575346,0.0528279160887756,0.0895934337327988,-761.362305795359
437,0.0322594914120704,0.0842870835982591,0.012610206630529,0.0262138955958162,0.0783399063804391,0.00349328873989029,0.0437590907483257,0.0954558797292978,-759.849281394043
438,0.0546444091735155,0.0968070152734901,0.0125313882153064,0.00775935958876122,0.0991972708454336,0.00170979274905493,0.0571565684535111,0.107189461376343,-758.870308594052
439,0.0428947397309502,0.12868551522692,0.0109645295150481,0.0129210577519723,0.079700314804136,0.00226149362891918,0.105675571052116,0.131063806672308,-761.302109211495
440,0.0780720933545131,0.13370441259445,0.00847182035005212,0.0108136794365554,0.100359156144164,0.00531839243754198,0.0972095482930398,0.129013556663568,-759.911708531068
441,0.0449358991655394,0.140856930670555,0.0157436346915114,0.00991216251049441,0.0910688646584677,0.00526055478688262,0.0900685526613767,0.127122871330023,-760.149482483911
442,0.0876262876197504,0.0694392497888685,0.0248602063310882,0.00532313748951208,0.0808039838604143,0.00174869655273221,0.0822926408210342,0.131014424245373,-760.261915026168
443,0.0756575195394832,0.0845465837956686,0.00137858216673756,0.01490174235809,0.0738867658813053,0.00265502522138829,0.0747465886566996,0.106667286468127,-759.410338382106
444,0.0706065850661788,0.110923671811895,0.00546290933815443,0.0160789975294251,0.0758175212349429,0.00847654775644336,0.0483377852558566,0.0866598078380918,-759.050248817606
445,0.0550070018513554,0.0597904733008331,0.042004083306171,0.0133744178368951,0.0882810543437197,0.00425659982416185,0.0585672394106606,0.0790336359376257,-760.621770360133
446,0.0775243721299533,0.063864002808024,0.0443749614905024,0.00751555100454209,0.0716991505835926,0.00682625170423716,0.0280183037420255,0.0813530916524405,-763.555900725069
447,0.0638145255516982,0.0788567229107356,0.0546220366155201,0.0116394723586803,0.104277560211043,0.00385054744152446,0.06870132917527,0.0712703692019882,-764.660121331064
448,0.0590283403635015,0.0887983559266629,0.0252101834691278,0.0103678497086411,0.104755915743541,0.00837030721752913,0.04373147486587,0.0761489949390848,-760.147176293481
449,0.055554117728372,0.0853773445195919,0.0317988466507301,0.00813052615046935,0.102438275779071,0.00457743046421931,0.0470881206809818,0.0746473588188867,-759.038268517534
450,0.0275708213558341,0.0911278879339299,0.0291406357491918,0.0377092073686578,0.0818675016272412,0.00837870704173566,0.0432684658630609,0.087415701012682,-762.165908040919
451,0.0494575091102236,0.0918822217566409,0.00982124843696913,0.0161745249504646,0.0925371908170084,0.00885721130535351,0.0479300372015614,0.0913126074274567,-758.300910331199
452,0.0646452858298088,0.155341089759649,0.0116390371756521,0.0146040826287103,0.0909477291196013,0.00905634574003692,0.0558304112372367,0.0810686431762179,-760.601852069129
453,0.0555447985639789,0.133135747936091,0.0303519295778267,0.000624749522637447,0.091457108552643,0.00957118561685701,0.0446757960189673,0.093206806818993,-760.707919391813
454,0.064544603094838,0.0970657697438932,0.0241245208371841,0.00799597894228689,0.0778477878153771,0.00126558468175743,0.060637271487322,0.0933563333731188,-760.098529876482
455,0.0553793801767536,0.0892997668909078,0.000841340275067971,0.0250911078204338,0.130347870796369,0.00389638688186725,0.0780456692165336,0.0934088035990149,-764.332067086848
456,0.0842510423235347,0.118257053219699,0.00577559170810912,0.00464248504389512,0.127634428092929,0.00485781712043246,0.0737441418282193,0.114107752540972,-763.912031170325
457,0.0286706018225777,0.149304615881312,0.0109587413562323,0.00555251903610873,0.13292842913582,0.00291062259147197,0.0687438409838233,0.11267625560026,-764.025971551147
458,0.0726851132027079,0.14074468072867,0.00162120811278926,0.00867043347901671,0.0675119306571176,0.0165805615102813,0.0659816490287692,0.0978874540387115,-761.996028789811
459,0.102809056204378,0.129451354697679,0.00200588250248345,0.0189176828084744,0.070106023691779,0.00951025046869951,0.0587571171316474,0.0912059569616491,-761.853871437248
460,0.0844124460637507,0.132746464659768,0.0127083095092847,0.00882904110973676,0.077166387361036,0.0110746264556907,0.0589776723080962,0.0890603758074561,-760.475494300592
461,0.0852977306793333,0.131533109335235,0.0033759524040006,0.00543193182825707,0.080046997272203,0.0111074411186343,0.0821117033214108,0.160515417139265,-762.130633055052
462,0.0742223676618493,0.0997931257208471,0.00247007962193811,0.0105529698431174,0.0695687458149421,0.00769091777160048,0.0890341694363871,0.163376113711092,-760.990305551263
463,0.0894173115000587,0.130426549686649,0.00107992333262474,0.0141318542132252,0.0723068190168024,0.00243361822582714,0.129615276601747,0.148861643638895,-763.459054349983
464,0.087212740396697,0.0940531540287164,0.0023097538495101,0.00891168727301498,0.108314902112683,0.0163090362317703,0.12509089341675,0.109629046199143,-768.923173162344
465,0.0748598935613044,0.0989951300885296,0.000199696825710036,0.0271629535942699,0.0938917343891916,0.010466714369404,0.089059981935367,0.11236471728911,-761.304537142009
466,0.071808199546613,0.0945832502330689,0.00372191632638093,0.028649951339052,0.0889077886189633,0.0129666768114193,0.0549789173931788,0.0998543335852244,-760.555739131956
467,0.0718126379520703,0.109586135028202,0.00780598373835577,0.00849617541078613,0.0857279199752743,0.0100682611199154,0.0928030448066688,0.127872369692595,-759.453047550061
468,0.0564288819822057,0.134926193381314,0.00439404658340328,0.00872911909104625,0.0916758091366383,0.00345069075739479,0.0977418342137349,0.128985781987894,-758.615283118882
469,0.105744916072948,0.123472851240165,0.000416687439224842,0.0084392234793329,0.0909063993538939,0.00209855840872795,0.0872608435789822,0.121862619892364,-759.557630220772
470,0.10752428460241,0.114358481359883,0.00311311726639606,0.0108997288973295,0.0985788311478136,0.00798500473217702,0.0708964492315364,0.103477935795446,-760.944362012134
471,0.0772625600747187,0.140032872325638,0.000549112547043338,0.0142397917440335,0.083036430310081,0.00846849079365064,0.0883832077383403,0.151459700616205,-761.817248870062
472,0.0878026340906421,0.13704062282962,0.0112607730211352,0.0238378066724648,0.0861392914624032,0.00671092926234772,0.0981921223747247,0.124943734140069,-763.238001160034
473,0.0591336240562933,0.109093300534398,0.00828772572637549,0.0188293004376911,0.0835156291435696,0.00064511589078634,0.0764641852422614,0.0991422312317854,-759.103778379809
474,0.0552843140097578,0.0972362059319013,0.0116336656967573,0.0212200423670079,0.100265079207997,0.000508529175993516,0.0711147160909167,0.130070896368964,-759.818790003053
475,0.039318086798263,0.0772878246275352,0.00992370947569583,0.0155841392899703,0.0674495287280153,0.00884515080895944,0.0642935977160393,0.11058449909115,-761.061026822616
476,0.0347690511990529,0.0772187587647128,0.00450653802729029,0.0132164952860004,0.0947697764478821,0.00101579611071051,0.0688193897770516,0.123670187418979,-760.725001821058
477,0.0747440119250332,0.115987150248659,0.00201878546986776,0.0160025884438316,0.0920100853989346,0.00242732876554607,0.0603352215992726,0.0794298664658771,-760.354633279119
478,0.0796976047497058,0.097810961777097,0.00790774593851444,0.0214919323853277,0.0929738276603495,0.00547173661199135,0.041819932634041,0.0785738062458275,-759.430158682233
479,0.0603640041576101,0.140939826469104,0.0212703068576833,0.0372020972076233,0.0866645885790623,0.00552704765395057,0.0454327547481489,0.0838974336274598,-763.562271401113
480,0.0524812292081318,0.141266056018997,0.0197801073411324,0.0218348438428316,0.0967372328256515,0.00660450116134651,0.0421869051964145,0.0746303675595705,-760.740253185353
481,0.0938202060545666,0.111336293129842,0.0144564206546767,0.0325383169142571,0.0921942805227696,0.00489155589642047,0.0363162475204386,0.0710936171548571,-762.469847745907
482,0.0324580730368165,0.10174654847596,0.0191505578528242,0.0173590096547447,0.0870904869563325,0.00271016131907297,0.0424326413962736,0.0876462154696996,-758.732455856918
483,0.0317853483109503,0.14011347497167,0.0147213018278367,0.00833714276925934,0.10591763424049,0.00629489404155919,0.0703696804069804,0.0992497251581323,-759.887930659033
484,0.0424609219021986,0.0735715560404991,0.0504393250982092,0.00771360649033624,0.101050195677882,0.00880483969188084,0.0691162700904241,0.0901113458450965,-762.33496364552
485,0.0631101173630862,0.0947427858816862,0.0135772772096779,0.0158830630049246,0.100939140262673,0.00465701006110967,0.0534127951636236,0.0871603187652813,-758.538770547397
486,0.0348052840596559,0.105624425871359,0.0133838963289173,0.0137570573991928,0.0868996142988608,0.00825557263709673,0.0502648693565016,0.0970680089656253,-758.418031932905
487,0.0544408651657214,0.09696802527739,0.011174154327086,0.0239189205108353,0.0933825807516438,0.00548457833682166,0.0554191146706294,0.101256302375205,-758.069665892638
488,0.03917402293674,0.101015425718939,0.0129322297680524,0.0130964554607949,0.0825232176685075,0.0106672119612173,0.0504733977858833,0.10403103232465,-759.061534614243
489,0.0419980387893124,0.111669351872608,0.0135783077913243,0.0263404510024787,0.0670141178290856,0.00472869268546818,0.0637687490185119,0.079361829414488,-763.73993533823
490,0.0925906475281285,0.0953466335594405,4.4250429493761e-05,0.020959885409924,0.101729312837074,0.0051699821898206,0.0633885709437965,0.0926291737226597,-760.698801664644
491,0.0449550144461809,0.108132144527149,0.021769879901831,0.0118854699233617,0.0863816187231917,0.0054061630762625,0.0340864671436853,0.0934582640693919,-760.509015823219
492,0.0330003474552801,0.0987845049109749,0.0134612533391896,0.0185621802699872,0.0890751550811269,0.0041315066427227,0.0376260724868068,0.0681122927691858,-759.414917403636
493,0.0521059894800388,0.113391468113748,0.0144092894154347,0.0191351030293763,0.109082395738344,0.00283085664409839,0.0445099548182399,0.0637069612936474,-760.935099343513
494,0.0349413570062352,0.0960727603687225,0.0111324591059191,0.0159806649916191,0.0939517805700529,0.00298786684794596,0.0357427520060348,0.0557511763410447,-762.379142555997
495,0.0539905932590484,0.122599747761779,0.0167763465503976,0.0152121105282341,0.0869156907150409,0.00364022693086297,0.0363845992042533,0.0567866122295245,-762.373208655228
496,0.0535506502949547,0.0783484697036291,0.0392475061610776,0.0018870877444627,0.0912723318060185,0.0169859538631517,0.0546900983861215,0.136167182735278,-767.144440852464
497,0.0590553892598008,0.0967602176673595,0.0097731976629551,0.00881578006190855,0.0857219103358559,0.0124643548185548,0.10261279711694,0.131412129424524,-761.243030243717
498,0.0495979791188658,0.118075352300828,0.0113411929249952,0.0113309858842364,0.102678063243283,0.00658551291487751,0.0963569591588064,0.150588335269078,-761.323014127319
499,0.0493571633330776,0.127124249469177,0.0142649861876191,0.00247650552770286,0.0761250772372491,0.00550413473333775,0.0871799785868077,0.108195051814028,-759.840943241249
500,0.0360842677591821,0.125013501171188,0.0272441798468688,0.00303824169014347,0.0791403315624003,0.00594984227728806,0.0698324597667648,0.113618521788694,-760.633130560582
501,0.0458910037313835,0.0633397169878749,0.0269912345199726,0.0104894927544011,0.0751277650569572,0.00920447014294621,0.0672415891034697,0.103093375384809,-761.862024987171
502,0.0639441360679462,0.0701084874521775,0.0412596657275874,0.00329236608919544,0.128034558095072,0.00105782972116292,0.0515902472958033,0.110306402792665,-765.886776407787
503,0.0318814339579612,0.0709773259447482,0.0400349373517759,0.00404198121924165,0.108885942148757,0.00114418009824853,0.105111897099487,0.168975965458632,-767.09562867284
504,0.0214019529735167,0.0723854875730977,0.0432758007562592,0.00398480193213349,0.10941176246386,0.000530828725997377,0.113644336612851,0.131595611430116,-766.353747919321
505,0.0877205884127829,0.069503219037457,0.012441383713616,0.00380390450072727,0.112505385268526,0.0050724341260463,0.105181591652502,0.145403944668977,-764.105266874792
506,0.10813175665647,0.109062009063256,0.0199057734917023,0.00224004900241133,0.102499344342234,0.00483817564143233,0.118141462061775,0.108299223053107,-763.707243254177
507,0.0688819628349065,0.0815147743814478,0.00570161309420383,0.00366121083481231,0.118495253654603,0.00224291275970451,0.0871758816444673,0.120494592230332,-764.027586615592
508,0.0492773907182361,0.0748604568275729,0.00849832830615605,0.013848988997211,0.0652091922643954,0.0026955053212174,0.0698110639788697,0.14680795580308,-762.517096797444
509,0.0559592450426827,0.120815106058283,0.0177957046429216,0.000905944678891348,0.101306136385259,0.00212743995908328,0.126541864672401,0.173442289733732,-762.657759054465
510,0.0482148767389903,0.11798750877007,0.00200163811069035,0.000910022756363228,0.103965645846325,0.00800594369124657,0.115664724741461,0.174941688357021,-762.277881561133
511,0.0456548762858549,0.111044550413238,0.00815521321704381,0.00132866125313759,0.0630450200210836,0.00807577992931629,0.0910828893976531,0.147001255288443,-761.30941602388
512,0.0728832503986422,0.135437461900404,0.00568888729866056,0.000712119752710337,0.0900605365223005,0.00664918467670202,0.0745163100754432,0.125147119199916,-758.577456493451
513,0.0350740512430332,0.128798547751368,0.0139182214703371,0.012215177145694,0.0978861864253508,0.0113453838452583,0.0733036965553975,0.123948535054145,-761.492119860347
514,0.0273066290974657,0.116822541902297,0.0191198206222465,0.0119655774785428,0.0884464493656072,0.00346240319194946,0.0746512467691424,0.116149426358046,-759.624870226426
515,0.0689815043833601,0.109784574505787,0.0174694604818636,0.000610523102080226,0.108739623357933,0.00574142837277737,0.0815225452444487,0.141609675733303,-762.134860584911
516,0.0699224745715029,0.114122815334012,0.0202700960755787,0.00216994706066593,0.0832210699880966,0.00388414678365049,0.0804484874185584,0.118052491367786,-759.515233033089
517,0.0522265530074659,0.113540425275311,0.0267537362533201,0.000789782154926965,0.113561310456234,0.00159415253046783,0.0994706637929486,0.0992410024133617,-760.748628711659
518,0.0597024101627986,0.102043301312487,0.0346628398548301,0.000256530224704026,0.107687290149283,0.00508567773113026,0.0915858733526808,0.107187932311526,-759.932368497251
519,0.0656683143657627,0.101213732478703,0.0213803993512473,0.000817401311428143,0.0873314894187019,0.00400737847523652,0.0744603210704436,0.122096164907814,-758.272454923426
520,0.0553639089643347,0.0908534945694602,0.00785691542365239,0.00621122282397604,0.099804759469579,0.000959649669109937,0.061781309296351,0.10884575658103,-759.320208689147
521,0.0546157436391588,0.0965044486560875,0.00570654694156325,0.0107313978723949,0.0894363415721319,0.000738351436204547,0.0617795374138753,0.0985481539328415,-758.123968812999
522,0.0812966918739711,0.106607635283377,0.00588316523644841,0.0144176491660846,0.0963797228101739,0.00604158700030301,0.0539822846324146,0.0867877639426585,-758.980352720656
523,0.078138678648931,0.128237121874203,0.00561474897289838,0.00814076517675449,0.0843413745174984,0.00343360172345473,0.0490949981096001,0.0731852708097601,-761.226837732423
524,0.0731658745682576,0.114277636445669,0.0295869837302688,0.0153716208931402,0.116836702078844,0.00706291738692641,0.0367572143315404,0.0760367295956761,-763.571743325678
525,0.0603575622786585,0.064619378999891,0.0347974973027396,0.0169199139587436,0.0924714911050476,0.00606970810415326,0.0459183845280481,0.0676870005585262,-760.655169515594
526,0.0728194636987897,0.0613527726661165,0.0351470675585549,0.00427312491891626,0.0780954167179455,0.00125136209293196,0.0480073070359323,0.0573460097389339,-764.53351680663
527,0.0344159407107151,0.0597149989439254,0.023696843378699,0.0295109860295116,0.0802004934276323,0.0108593656778358,0.0352097296264034,0.06282914879387,-762.601802917061
528,0.027256508590007,0.0978491718013263,0.0215549207617213,0.0151888096440484,0.0720211567373413,0.0076799919278573,0.0317388533172148,0.0750287369547875,-761.471410388591
529,0.0678814093113246,0.0852707396314616,0.00134741309735539,0.0227169839434742,0.0864205967237424,0.0121419077383558,0.0487702318878105,0.0825233479414718,-760.62686896855
530,0.0613045919555361,0.10469638010362,0.0234466095371346,0.0198891337937616,0.107907474745834,0.000737055359606078,0.051693100047252,0.0817960885632248,-760.947919601581
531,0.0245083540184722,0.0678041787572839,0.00984430820800896,0.024474256776439,0.0649309558326285,0.00666645446130371,0.04920737074524,0.115331122460644,-765.546167058686
532,0.0655846936104417,0.0989161144610162,3.88179860735704e-06,0.00986045575373107,0.0895481541005077,0.000262149943984927,0.0777353781817749,0.145786317620694,-758.953087377831
533,0.0596703324974817,0.0848725209007717,0.00299614017270323,0.0124526693817046,0.0819179731659774,0.00244069668147073,0.0966245005153197,0.150127690219251,-759.052065779515
534,0.0660351251561264,0.11916185405496,0.00113738294220873,0.00809895892051271,0.0919928208934275,0.000304658975454896,0.0972183704913681,0.1391333811194,-757.926889020776
535,0.0820343177131262,0.139660295749915,0.00214274931739925,0.00819162030648947,0.0907051456382242,0.00250974839695462,0.138893643407545,0.15281443640777,-761.424216221293
536,0.0399090039857991,0.0778106338417022,0.00197021031734028,0.0131348710535977,0.0983850882059353,0.0033145908944431,0.139508209752369,0.168152747573169,-764.302089918315
537,0.0622476318721748,0.0628362203127382,0.00234336487564315,0.00963184542791195,0.0946637718521461,0.00208946615534823,0.0957164924175481,0.110644280126713,-763.469198612345
538,0.050878818715785,0.114576651656456,0.0107566293988897,0.0157371207168697,0.0932846922794262,0.00180654678205588,0.0546089404955878,0.0932399737342072,-757.727636971267
539,0.0698060010456844,0.119013952045299,0.0124990671844412,0.0151092662290073,0.0747581031250569,0.0113615254002982,0.0387738658041105,0.0653277224474931,-761.342452089077
540,0.050951479096177,0.0820755681775346,0.0137643089107173,0.0262016533457576,0.0677618091297167,0.00766979913981333,0.035575722017305,0.0915694567576173,-761.161342435411
541,0.0394093694500693,0.0958005732837584,0.023450211353501,0.0151255016371004,0.0882626271230801,0.0082990745829007,0.0775748977481508,0.133699663591938,-761.480435566905
542,0.0268125189972633,0.0975897618727445,0.0190130589388918,0.00859429513601746,0.0873241622775431,0.000501930559598061,0.0934835289423593,0.138457614046895,-760.500319294582
543,0.0239963832551036,0.0988517802430525,0.0174102536817932,0.00513834658296564,0.100705384274159,0.0012683421626125,0.097302222672612,0.140813266291312,-761.254785084727
544,0.0768104679425909,0.155082486074471,0.0092359445631745,0.00589532712049795,0.0967266118141252,0.00279071120674108,0.0876732169257383,0.120995111240676,-759.588337134709
545,0.0770282960087918,0.140998575846316,0.00829571104069711,0.000659864170397327,0.0924284747779767,0.00227976271730357,0.114639625787235,0.137301120493528,-759.83076843508
546,0.070462376722668,0.108484273331218,0.00329720320684652,0.00450264830102453,0.0872455934989179,0.00650921171785889,0.117767620243655,0.146467480864215,-759.373962979976
547,0.0593571907995376,0.0951611857048088,0.000182646791456825,0.0142527744819759,0.0837414606095369,0.00507158831742789,0.0800759327161357,0.121299142897376,-758.025987036767
548,0.0686507631665629,0.117899453972686,0.000428004315295442,0.0103306440467181,0.109927897687896,0.00981312042811578,0.083005235313632,0.134336019105267,-761.708457591963
549,0.0743064809779947,0.119450733443404,0.00364221127816869,0.00396257255022941,0.0813790412180469,0.000430354467657758,0.101254852916317,0.131989789572764,-758.590049632197
550,0.0430071905464121,0.110394381533005,0.00142386513940286,0.0105722390457343,0.0796550829365753,0.00209383125931457,0.0938953247212884,0.135500172635049,-759.383167041873
551,0.0618879803036696,0.0991501265633946,0.000624777411205219,0.0160680723548715,0.0972557214798546,0.00229061668647478,0.0879046339869674,0.113736862387791,-758.454486220664
552,0.0627976984111699,0.0635127215708697,0.00507175539726285,0.0351855397995666,0.0949610116876472,0.00268451511337186,0.0710180099044908,0.11352612443197,-761.22202218319
553,0.0707354316745389,0.10669071302909,0.00470642044353915,0.0166830106378026,0.0832408710573404,0.00785859875150421,0.0754719083681008,0.126508493834383,-758.804023460492
554,0.0547238462743675,0.0973855523955318,0.0145189785336743,0.000769081070590017,0.0910378561447784,0.00353278110126108,0.0878913300839692,0.120007246215737,-759.095540672883
555,0.0939678021643935,0.0853563716448369,0.0318726676310077,0.00100203225379703,0.0888980325110273,0.00467672880828239,0.0749662242061941,0.0925991064331299,-759.978874804556
556,0.0472355133681161,0.087094174004831,0.0206503249195922,0.00033017225141141,0.0999363252211855,0.00512617066417013,0.0790570089695262,0.0746979498484649,-761.963269449433
557,0.0645756303852612,0.0689818729600393,0.0290595312175395,0.00449454497064528,0.109866301077698,0.00228903887060911,0.0518412982299622,0.101261889924444,-760.471633711785
558,0.0572954148862079,0.0817144695006135,0.0250182216455576,0.00270168206819456,0.0745178754186935,0.00452847200331193,0.062070606970039,0.0773466880235563,-760.408857399454
559,0.0605230409028292,0.0827187298359452,0.0369204515788783,0.000744156748872201,0.0729101699727927,0.00349441729025571,0.0420780318814911,0.0810630725485215,-759.778545466181
560,0.0287048601620206,0.0751490950654474,0.0418956461647426,0.00446261156435723,0.116787831580711,0.00388943037164081,0.0408979722863504,0.0817269630462883,-762.266451326054
561,0.0711968863816629,0.102787797908152,0.0369721619944284,0.00219065177627455,0.0838339734188192,0.0031971930547704,0.0492079115786614,0.0816648275669493,-759.250637584132
562,0.0570159225007966,0.0643728306843734,0.0248925300169727,0.0250037465173222,0.0890751160497707,0.000929645780837731,0.0681377593597302,0.0758427941818205,-764.257482830249
563,0.0946584871052285,0.0923514824321158,0.0249776061346143,0.0208734465944586,0.120289167594876,0.00486949844056286,0.0416308542775302,0.0705109868142865,-765.184871523375
564,0.0456611743125963,0.121274303640603,0.0191046288794042,0.0237942333405054,0.0743118852747787,0.0113626828760374,0.034286274932976,0.0806028347192964,-761.330258107224
565,0.0518838124015178,0.0655212887228927,0.0630452481334288,0.00751961208853166,0.0901751213014408,0.00309900755099485,0.0547880496025113,0.088554342111347,-762.027876115408
566,0.0563954556326961,0.073785686416861,0.0343568600248167,0.0143122573113489,0.11293243808321,0.00209203796529098,0.0552660794465482,0.0656506600784227,-762.452646214396
567,0.0522295255047671,0.0818991292843873,0.0320607342184961,0.00304532590921179,0.0984023427310876,0.00123189085498122,0.0345685613789942,0.0804100124945804,-760.347408106384
568,0.0675216165059948,0.0924653892916655,0.0314966478663355,0.0117674961214602,0.0856333375297602,0.000408862948504782,0.0497046139481664,0.0874330754955418,-760.152835102521
569,0.0576731724540738,0.0664839578692128,0.0288604648457419,0.0146768523915092,0.0983027455285681,0.00283147932132129,0.0514722490864378,0.0822596501973433,-759.547950672278
570,0.0602557632685536,0.0643378775321835,0.024164065514733,0.0150151176754062,0.0902463343164029,0.00391536581453177,0.0515704681894352,0.0776240205215008,-760.024445994657
571,0.0706067212920992,0.057889605426401,0.0233984402487032,0.00196990579434,0.0853866196322196,0.00373741116807114,0.0530744832238448,0.104506186154177,-759.933855614243
572,0.0679557993310173,0.121679268724777,0.0508391481640627,0.00170849000779898,0.107801471342753,0.0019328989484116,0.0788756722634382,0.0892305528607231,-763.390083959612
573,0.064507388997683,0.0893444957682538,0.0450556288212593,0.00799418839126016,0.0907533614035497,0.00121627365494024,0.0470258454206431,0.0794337820539962,-760.147576298458
574,0.0571890973189412,0.0674836540592987,0.0477346878585973,0.000441560177547954,0.0824908962075214,0.00544754955630448,0.0610369981766483,0.120799999108609,-761.345527503628
575,0.0664831156452854,0.0782030789995637,0.023742589403123,0.000663289505678221,0.0806530596641535,0.00692765040169337,0.0630224500021355,0.100164535567495,-758.030561016772
576,0.0689880050080283,0.0768193801182861,0.0301109003342539,0.00514526153054439,0.0792220590779846,0.000457410266720127,0.0557685420268213,0.1213008572396,-760.577088150969
577,0.0616005522630263,0.0764199492611333,0.0439418471866441,0.000618042852813575,0.0876322120882929,0.00294854276544004,0.074860089306263,0.108129736320029,-759.410263743303
578,0.0569287398241793,0.0836909972798053,0.0386557496807105,0.00605895835349044,0.0890131627848922,0.00605270123590038,0.0576709238456383,0.0953470456453055,-758.743614242108
579,0.0624005505052103,0.0646254095311693,0.0337873582540123,0.00210437843162879,0.0705519340084425,0.000797486666649638,0.0640393787030375,0.105564851942328,-760.509538077901
580,0.0615190829241551,0.0654293185339543,0.0378758974377572,0.0112564570642169,0.0837335644062699,0.00711775825931616,0.0655354730902482,0.0924177659222577,-760.392789073101
581,0.0472217791123455,0.0822857345335758,0.0411816681751113,0.00250048945964225,0.0818648184110016,0.00907486577877692,0.044310204467586,0.100596249419179,-760.314710875166
582,0.0341385217521757,0.097152954887553,0.0447596638193801,0.0217922568944991,0.099861919165137,0.0144277811527566,0.0665084727197259,0.0946326939744921,-766.803860750465
583,0.0447434692301192,0.101933927458598,0.0353512788699172,0.0395670830413174,0.0939346780932109,0.0126299319827877,0.0861076896832244,0.0969233213858952,-767.940139327356
584,0.061357462614222,0.0602067231739793,0.00289893979357071,0.026215558924625,0.0780109345856317,0.00814970594409098,0.073627741287004,0.142011386265521,-762.991409751399
585,0.0649786480092156,0.0666086408005655,0.00126292595519398,0.0150310216988749,0.0802671538879463,0.00188057491112804,0.114354581230819,0.141450584757337,-761.925923816073
586,0.0669181343991945,0.0792958967491858,0.00583047879053535,0.00425413893658079,0.0938918643682781,0.00253763177746757,0.103513899281262,0.137785995023474,-761.386524196306
587,0.0309815696344481,0.133685175869102,0.0100364115960522,0.000851321566746161,0.0904094353750308,0.00960991203618005,0.119189879055373,0.182115881111247,-764.491424143363
588,0.0810280737284681,0.127933529938184,0.00271744402961599,0.000790365257156438,0.0719128457067331,0.000931667108429161,0.119375764039715,0.15400841803624,-760.712830744666
589,0.0610851241475484,0.114578844285364,0.000839949275845864,0.00435739690035532,0.0611292686663144,0.020192370378814,0.0763996363581282,0.115766042085456,-762.110135990378
590,0.0572046109965047,0.125436273106152,0.00121776011213388,0.00173051847172748,0.0520022928671197,0.0130008586469396,0.0860625740242463,0.120797565505923,-764.69564886744
591,0.097865090698637,0.119243920466986,0.00222839568617681,0.00383304230315287,0.0935698941052113,0.0100992642816929,0.0911067273565994,0.129392202248785,-760.694342672468
592,0.0628077516917086,0.0905860122384843,0.00290118804059202,0.0158963673802894,0.0744120117258182,0.00230342316836844,0.0944525064279241,0.12548893105771,-759.380226469348
593,0.0535081950344906,0.0961806655107973,0.00658793222842537,0.00770117082784615,0.0889574094956062,0.00474779617660361,0.0604948581056644,0.0937241507843324,-758.0714192115
594,0.0554550848911164,0.104923168908652,0.0347043987812206,0.00441950145837244,0.0871726894161006,0.00842578890478,0.0830438257261374,0.105000051863022,-760.732216914382
595,0.0523214255722372,0.0799718704005294,0.0363968433886044,0.00422889227037549,0.0916449486039556,0.00465915113466243,0.0787991558821694,0.0974726487921218,-759.417810280006
596,0.0501006476581293,0.0618487662439242,0.0211076535087808,0.00218994699358156,0.0960245666949188,0.00311532965389478,0.076423497862382,0.0984719435196321,-760.208369391696
597,0.0596624715084524,0.0692214180047801,0.0246663984429686,0.0206089008838551,0.0973588640820385,0.00306686432049571,0.0576812283231397,0.0792768378295341,-761.314967003572
598,0.0440987326150669,0.116856141548263,0.0124055994312559,0.0113354355624819,0.0936353318569843,0.00616538427725269,0.0471872055199578,0.0737615003424495,-758.710307794696
599,0.0571658803687018,0.114770426520182,0.00967629487378058,0.0250982823116368,0.0999626024902769,0.00490317376634,0.0546393791325853,0.0899338717021187,-758.493707087385
600,0.0628004171232908,0.0915376814592643,0.0082797465243539,0.0150060995749292,0.0781130108202588,0.00689798673746007,0.0411684443161371,0.0846092009131806,-758.975218696358
601,0.0514927918956303,0.107065927428859,0.0122234746309006,0.0278237679872011,0.100318745597426,0.007576105707665,0.0520296357628028,0.0813514432098662,-758.940707281297
602,0.0584877164048393,0.0931306497215137,0.0118919395027002,0.0418607084157336,0.0911242038969347,0.00394256636176342,0.0524258071091755,0.0833215149409731,-760.448538239523
603,0.0738778515951373,0.0828006388209666,0.0154269013477416,0.0285671570513328,0.085100532885267,0.00570392693343284,0.0510088614977918,0.0922346674399554,-759.738699447468
604,0.0535030631052249,0.0831716253144073,0.00511597451653707,0.0110802689057678,0.084076101055876,0.00836798503212367,0.0483464736520176,0.0967514155123059,-759.566301203095
605,0.0687324055822664,0.122893474672489,0.018528011241541,0.0236114630354466,0.0793547738612717,0.00735581029264249,0.0553383022199048,0.0928535970661814,-760.183224686206
606,0.0401125799262847,0.092015210127738,0.0146024450778357,0.0147053802279015,0.0943378169455194,0.00285599712180734,0.0725776165111461,0.120037482425858,-758.419105762413
607,0.0291767871224186,0.102601369043736,0.00500040065937957,0.00519241122132114,0.0955768343135825,0.00238318342679488,0.0948095882675308,0.105323624804649,-761.549477976743
608,0.1002304163271,0.175950762138269,0.00671328713670787,0.00380385016723272,0.0817163964479474,0.0109464914182994,0.0680904322185513,0.121995856885046,-762.673564800022
609,0.0535636404608593,0.118635167293164,0.014922003141273,0.00290777962278879,0.0836698170523364,0.00494595229247547,0.0737626279093706,0.122237186961777,-758.171895021684
610,0.042808678102921,0.136570629649135,0.00374059721261368,0.00305589449435232,0.0966225241673788,0.00420417137071828,0.0800560520790598,0.142034435284371,-759.953311153056
611,0.0783102730058867,0.112891124273805,0.000534073607563593,0.00914050806491112,0.09125609612718,0.00589494552959273,0.113391321728985,0.13797281053278,-759.094978343583
612,0.0770693245789206,0.089266890572569,0.00271655095457388,0.0114876969315146,0.0833674240926859,0.00425226207112858,0.114590307103414,0.127135809502317,-760.61701410388
613,0.0503042084087878,0.114270434331719,0.00304282462466761,0.00673780724433479,0.0905311655555731,0.000154040909241287,0.111663242190458,0.154470427968059,-758.632701801598
614,0.0729950507826699,0.12561157796495,0.00182608756900882,0.00429766074426994,0.0834882634811752,0.00212307127617828,0.102619206256594,0.11711456491782,-759.000269235081
615,0.0730782029921597,0.115350180282855,0.000253920356560399,0.00886223505906894,0.090983343310326,0.0135563108293524,0.0635575200045291,0.113577526000999,-760.069726063881
616,0.0868100374542518,0.114367750353986,0.00217641445618803,0.00774892668610049,0.0640358537484732,0.0125094199956024,0.0581374079890441,0.0938361345028113,-761.189532693053
617,0.0621031403804662,0.129338649867535,0.00338284692786167,0.0108108487182678,0.0826451793943737,0.0109598150744317,0.0816205024518176,0.0965944544941075,-760.142417032432
618,0.0765671325548102,0.128937273906598,0.00235684001159818,0.00466336484759933,0.0885241924144789,0.010285224868194,0.084081776858558,0.103406589160587,-759.283787736182
619,0.0819329744109061,0.131176171527731,0.00445047914057175,0.0162475569318971,0.0713791525093204,0.00967725100022817,0.0796863315717034,0.111979828407449,-760.843452520867
620,0.108463125717689,0.12173464258903,0.0038335717859885,0.0203451253779883,0.0871112430614919,0.0028480390251158,0.0889467797039598,0.120153050882356,-761.224386995219
621,0.109273342789787,0.137889715342796,0.00606710180184823,0.0204358501091295,0.0961581853195912,0.00796497748025092,0.089095979796555,0.135126524609338,-763.89076206632
622,0.0435187263846359,0.130180590713276,0.0188335168186588,0.00525133886232284,0.0769142454705136,0.00748636209345461,0.0906754752356017,0.141434796204766,-761.175120398605
623,0.0266870409036323,0.132572037053634,0.00462080280069358,0.00853462549714359,0.0812903197081063,0.000916382354049545,0.0754888098808556,0.0900863129705959,-764.269427988777
624,0.0629360739407926,0.0906266199159952,0.0106424735459703,0.0197807839983835,0.115032694512281,0.00347478552919131,0.0621523750236714,0.0871801145914057,-759.840249492154
625,0.0612595455368544,0.111812591312602,0.0169278721944982,0.0161293447664286,0.104940341414998,0.00538361574078218,0.0643442185949286,0.0900382386329234,-759.019745952523
626,0.0370194158527529,0.0942647541558102,0.0145552454017588,0.0116150591238208,0.0876718884386855,0.00871183340043718,0.0564847418780452,0.103927552469985,-758.612575383253
627,0.0332538136256021,0.12132322814087,0.015841673197567,0.0100963161629184,0.0877786930165455,0.00339918902956084,0.0625903978864318,0.0868051026118488,-758.932846658742
628,0.0435065709530595,0.103608258728734,0.0141171835706065,0.0100455158836166,0.104195999540455,0.00678856067007601,0.0486828797106705,0.0932017054985896,-758.932816147827
629,0.0463351396124585,0.100683373498786,0.00857240619607915,0.0239477782813355,0.101492686792193,0.00107450012990551,0.0491616563046083,0.1010529557743,-759.295706095553
630,0.0622267851238092,0.106614328635955,0.0120247224310713,0.0130220440572764,0.0882241505377824,0.0104162786110153,0.0677845396296646,0.107543429662234,-758.663294049684
631,0.0481151917832918,0.0910115355651296,0.00926971520883712,0.0148067870083029,0.0706656043932113,0.0109250241855485,0.0795129811409252,0.125180266439944,-760.463475605385
632,0.0847886766548087,0.126030159666353,0.00205837409926913,0.0203147400903949,0.0776788291117099,0.00658381455188182,0.0756768413289467,0.0918813173947385,-761.122442685373
633,0.0804142724536207,0.0921977192691849,0.00350789744174167,0.00299822515196928,0.083039188879921,0.00275070519098628,0.0701971535368318,0.156517239768438,-762.394130482948
634,0.0512090604575754,0.129108886568081,0.00923396152066321,0.0107604299900954,0.102186029199456,0.00491300138364301,0.152274549324754,0.155334038782173,-763.914831505714
635,0.0328985820811926,0.137170702419899,0.00533072581870696,0.011090067386947,0.0998219978438014,0.00168097334953566,0.069465454062458,0.0669901704919324,-766.094156247695
636,0.0642648516332712,0.118224732594009,0.0189958828319807,0.0121935876005221,0.0958726697229616,0.00943005542167344,0.0386828366710459,0.100827237865802,-761.805012128492
637,0.0685814977040356,0.121721680203824,0.00441092705048015,0.0101855491144709,0.0800346724797184,0.00586040333460863,0.0611499375737537,0.103114884300346,-758.020468824456
638,0.0681320477384363,0.121861797001473,0.00703183339947143,0.0176992052136529,0.0997090195638977,0.0106109592621964,0.0732936963509572,0.100070113812579,-759.648197174896
639,0.0437084355376547,0.107353363172192,0.0145068206016085,0.0142904658239428,0.106450512959636,0.00951380825577371,0.0724001929452164,0.0971019428060677,-759.759721400221
640,0.0235611537200936,0.11795790961422,0.025127511623475,0.0137678884708632,0.100412519582247,0.0019724204577677,0.0652220702384717,0.110856556382858,-760.932057970502
641,0.0965629636804443,0.117159804740703,0.0387660381118885,0.00906513118607093,0.099884660419537,0.00378800322609637,0.0786045377129245,0.106194818852964,-763.032858582974
642,0.0426845551910757,0.0846877012192074,0.0510971721121417,0.00171031507565052,0.104543661230136,0.0031098945638941,0.0621534559602702,0.0791467598832298,-760.900146170673
643,0.0545206333789567,0.0868138057189772,0.0258032824932778,0.00646418766258897,0.097791155915484,0.000910366668726017,0.0700124636805213,0.0826811312534415,-759.649499686902
644,0.0692041665870124,0.092310465550896,0.0264089862012942,0.0117075887863243,0.0972926104873319,0.00368608486348729,0.0646098674196071,0.0888531208829585,-759.4569861207
645,0.0534118518731473,0.0882121559252935,0.034027470930788,0.00166605783257438,0.0927777481246632,0.0022547411920845,0.0646040103227613,0.108422690824816,-757.883241971146
646,0.0387252713631023,0.080892363022283,0.0303331131351185,0.00247090361924455,0.0917944601253016,0.00163523426058326,0.073516443097641,0.110605265160977,-758.641988082108
647,0.0523650804300912,0.0915304521083391,0.038209841059588,0.00119583447073054,0.106372463919468,0.000204296966393802,0.0756406350155398,0.0981960195593587,-759.082523847404
648,0.0569821416571472,0.107835645657429,0.0360132024367382,0.00761618834010894,0.0861835192953887,0.00740795561997457,0.0707020575046807,0.0948460534360175,-760.685848169082
649,0.0552535560799964,0.0819136593544487,0.0191024270646199,0.000294945707068824,0.0977335791667664,0.00217290252635087,0.0521997549141896,0.102720140907944,-758.50561784892
650,0.0864633133923759,0.107402555708485,0.0182057135338414,0.00116703577664334,0.0950069172203284,0.00477187086442709,0.0645261606230544,0.110513718566593,-758.6731399583
651,0.0701458445090722,0.0759506069357127,0.0180303224295344,0.00581388603567218,0.0759738295009648,0.00064658705314806,0.068646952919756,0.0958114464697888,-760.062824043427
652,0.0835823416231838,0.0947145105882994,0.0220034256608582,0.00946712210238455,0.1066122200896,0.00485732917631822,0.0624623204891675,0.0891894588866789,-760.098970437858
653,0.0625486131717355,0.0738867703613201,0.0282771669407854,0.010308678863436,0.0663982990145786,0.00981505905216525,0.0676176090469504,0.0982800412972383,-762.265920355115
654,0.117134581411106,0.0870677089698001,0.0241247716712529,0.0113391067175448,0.088497795026133,0.00206327824939034,0.0593008844947483,0.094859084932044,-761.446305430641
655,0.0235481583653564,0.0729612663182092,0.0132115887438382,0.012068621520658,0.10617124082333,0.00282304802941715,0.0671863279514194,0.120715188329231,-763.33481573263
656,0.0570257532948286,0.0807289865142592,0.00735605418179871,0.0263355188465549,0.0955019384113287,0.00438594868168104,0.0571422072050161,0.0945122920656448,-758.427798974527
657,0.0472668521842106,0.102191222088051,0.00293077631711647,0.0062359600245346,0.087815654130793,0.011053860891338,0.0513300758571424,0.0802596103298301,-761.31609535072
658,0.0611406839447745,0.129073276227699,0.0200640443950407,0.00345867089694786,0.0961879222874202,0.00871350099721948,0.053828882275189,0.0983460049191174,-760.280619653829
659,0.0328928065600032,0.107314432364292,0.0186978093780535,0.00409405382299755,0.0867573137043574,0.00263167103937741,0.059648285935571,0.102461546306482,-758.524170881621
660,0.0391584618246212,0.060411019872168,0.0513349599863239,0.000527179471824301,0.0864412706735335,0.00241511904127567,0.067117585527819,0.0938867544370537,-761.34008208402
661,0.0445636602973321,0.12447723555576,0.0179896544905582,0.0216440373877846,0.0886951858030039,0.00577841736589698,0.0409709009063017,0.0899193094317462,-759.574660736115
662,0.0701873554506501,0.102838034207991,0.0103790711948316,0.0116392364202228,0.0831315297805242,0.00848391716940807,0.0669063338659439,0.101957583669415,-758.429509013017
663,0.0345194924580994,0.0864479937045755,0.0128195411450385,0.0124295622104377,0.0888645761103277,0.00100024985248578,0.0649007778404061,0.103335156055672,-758.428739822997
664,0.0573832332949716,0.104754169902231,0.00944178378325209,0.0166371985634841,0.100852909279719,0.00513844286525301,0.0885427089983158,0.136000801429213,-759.754872724929
665,0.0606940689447932,0.105663352836726,0.00576519103314956,0.00381353188303133,0.0777411512988516,0.00446212088444896,0.0902362671250281,0.17295067889282,-760.246849116752
666,0.0567236454830405,0.110275115587955,0.00138271161269035,0.00050240705913842,0.0758770263353248,0.0324059034109797,0.104020874644258,0.155991265857048,-767.177606284021
667,0.0523711475617438,0.176477355298194,0.000590106894779446,0.0020673715125758,0.072791134401061,0.00350990297460466,0.134696662146807,0.164123019666175,-767.17389641614
668,0.110983428338043,0.0423434772668786,0.00810574864737405,0.00311301140471482,0.086984449007843,0.00893907977529408,0.0936632988292365,0.0985329006987496,-767.271961421901
669,0.118780074447866,0.187429910684014,0.00475545171684603,0.00730530136478491,0.0768582794132613,0.00853844731089492,0.0519514144706109,0.0862274384189787,-764.784064341017
670,0.150413362586673,0.0624635909698221,0.0133243120876198,0.0073955424629058,0.0705134768742782,0.0091807659160188,0.0712038083555962,0.100162070196742,-765.732354485385
671,0.0288195423540938,0.0673441245809668,0.0153195242682095,0.0128732684528182,0.0876399942604361,0.0119802922357489,0.0676239067129439,0.0912609486203727,-763.710505840193
672,0.113717788187144,0.185979517318933,0.0234581393701532,0.00841140532625831,0.0886204111978337,0.0126133245501976,0.0590944888326081,0.0889846218607983,-767.360184468292
673,0.0883045591729716,0.189687654775856,0.00118166943782491,0.0210483356347991,0.0897725970349529,0.0133879757474895,0.0475019265228458,0.0755668124314613,-767.739419386756
674,0.100800486824327,0.102759984452612,0.00229688662569687,0.0277373180893467,0.0850788938979944,0.0115393252220713,0.0534004206037971,0.108668549887107,-762.316915142698
675,0.0819709486732246,0.085520558365268,0.0127400984096798,0.000395136106857694,0.0779834075728326,0.0134406085433598,0.0861359127098247,0.140596849986273,-761.442237564947
676,0.076003648546889,0.128257116606635,0.00518692302825718,0.00691085117818395,0.105029364816683,0.013452903199026,0.090571193620284,0.0968867215549246,-762.424772600983
677,0.060965175863744,0.112853881789359,0.00528286650485449,0.00655461203613197,0.0847564079789543,0.00348529448592719,0.0501504680588323,0.102099003588439,-758.538375068757
678,0.0551539296215515,0.150722136446046,0.0221641321058672,0.00270350905351425,0.0921050277456058,0.00622400529958883,0.0712242473209938,0.104572655674277,-760.500144181935
679,0.0651115125381702,0.113934313794469,0.0220944524271046,0.026549750142738,0.112121117334604,0.00998578473284146,0.0622885240284054,0.0942311540005214,-762.676369540318
680,0.0310476390478868,0.105582867634214,0.0044765821919278,0.0388413121172841,0.112706579416207,0.0129016671296798,0.0918648545331744,0.116328072530907,-769.15315311414
681,0.135174251284277,0.104670743643251,0.00195731200423271,0.0237238704806437,0.10867875591816,0.00718170055731856,0.0769768337770276,0.120995220777033,-766.455122472762
682,0.131153922642578,0.104410586904426,0.00215945806482809,0.0122228270842716,0.0619260567575964,0.00614985011490588,0.0622973280118872,0.122751470030033,-765.698091469925
683,0.0682882810650045,0.0684183370169557,0.00508785965720066,0.0352761252919709,0.0937840795771357,0.00821517773921811,0.0615485056952947,0.0770589900634559,-762.01151651857
684,0.0511427379271711,0.136711485231533,0.00731199690520756,0.0264857155753222,0.0927767412564089,0.0135324308524862,0.0259345075330719,0.0755491840266093,-763.891498597499
685,0.0603956033669373,0.115727613943967,0.0124694115215217,0.0136261726777245,0.0675889353813268,0.0135505370064594,0.0465218437602231,0.0726022617930094,-761.565795983396
686,0.0609546203393831,0.103319658343352,0.0253386140144863,0.015551620829208,0.10067651185372,0.0135014533273733,0.032055262414338,0.080774180842469,-763.36646805233
687,0.111485581374812,0.110666740955398,0.0429295726277245,0.0143201278920478,0.0734935629500064,0.00916212281080185,0.0523605069564675,0.090814418826453,-765.272135628755
688,0.101570443154523,0.0844980376187466,0.0268376460869688,0.00306141136925331,0.0958641972352385,0.00238143501496503,0.0818794738219047,0.0901207723151085,-761.09924065903
689,0.0299233614546466,0.0975517275128969,0.0291564166676894,0.0317536248495262,0.097183978247806,0.00363511594234161,0.03025007074726,0.0631708625026454,-762.419837765059
690,0.0482659089258701,0.108615336478979,0.0204165035667859,0.0167070405877734,0.0915676285656336,0.00548217632821604,0.0370507263135651,0.0912788652209508,-759.40810038723
691,0.0388914053872251,0.116872587471272,0.0171694551795747,0.0159270440391217,0.0955217252851565,0.00759078789998275,0.0561769819731807,0.0848643535120453,-758.534309597134
692,0.0631798608026353,0.120272041508572,0.00271311336206698,0.0194284986846178,0.111922443797383,0.00661967356110331,0.0574138825214605,0.0893914054275788,-760.372105988849
693,0.0708232040362153,0.123686917104341,0.0199607423056097,0.00342444293569091,0.0683787493560924,0.00591538054822941,0.037169077035568,0.0837940672012141,-763.314197304704
694,0.0460362175104235,0.131604102577801,0.0206709014831065,0.00493070912571873,0.0776214422709809,0.0076832741227637,0.0622177118901321,0.120199689223563,-760.260776570191
695,0.12189543471748,0.108854231000841,0.0151349825860648,0.00238583451887419,0.0813485349726743,0.00501221924729401,0.0938601527769041,0.124018368020397,-761.440339344331
696,0.0752216891126514,0.0821881276691835,0.00934797492761341,0.00215646000737141,0.0798461962581335,0.00719789181662912,0.0898375585179488,0.14018173256589,-760.605445505174
697,0.0437189480600078,0.0897104873381959,0.0260419520201126,0.00144542398598577,0.078121117614573,0.00661046077673415,0.0953360940497674,0.133542801455983,-761.360632013892
698,0.0909344169315367,0.128623027134699,0.0186616873570716,0.00773265877939407,0.100136475705352,0.000426128063094419,0.110323397089168,0.136430281733261,-763.470315445911
699,0.0645656905849367,0.11827115557966,0.0104148419167273,0.00373009468526436,0.0835313376924728,0.00920984047142348,0.0496548156929301,0.113818842849764,-759.929729939713
700,0.0701143916470873,0.1223518656487,0.00216785697595081,0.00636057220405027,0.0722075072169449,0.0118141211510421,0.0508725629352751,0.100849425776503,-760.041888214601
701,0.0814023914722389,0.0971694455957147,0.0243052166736112,0.00314607661205739,0.101500209146952,0.00211229300725021,0.0515169871845395,0.0962963512970594,-758.979094087854
702,0.12824677333902,0.11265240675718,0.0242731432797004,0.00501223121116855,0.104699277620581,0.00530052649986807,0.104522360122212,0.140222710925284,-765.694384572306
703,0.0787446830724578,0.080244082869255,0.025069018420342,0.00497642488418853,0.0746504044578094,0.00598159360867641,0.0700852121238795,0.0708564470803199,-763.38581526403
704,0.0705730278121051,0.0810426410361777,0.0360613234401044,0.00574762060921699,0.106519850818093,0.00619724718526283,0.0500556240787588,0.0839289631727906,-759.873357220569
705,0.0357442749925629,0.0808848690053819,0.0289256202345696,0.0060398929655924,0.102887375399906,0.00569771209641064,0.0382400595445477,0.0812454831779223,-760.209416800533
706,0.0709369335348429,0.0808407904010951,0.0263029656345291,0.0100938955314452,0.0846435083192784,0.00285569910934952,0.0848517936215697,0.142955200411163,-761.525708851582
707,0.0567676883547021,0.107619639358762,1.84149170715467e-05,0.00577825343870312,0.0899771623512668,0.0198495087835618,0.0814882845649055,0.152410296576148,-763.833287827046
708,0.0628213168103224,0.100186105200112,0.0135595026574201,0.0205914215565298,0.0598009234163845,0.0130979143807646,0.0917328519466407,0.114955082633775,-765.280640617215
709,0.0824719332825685,0.0981420817582423,0.0071992749183733,0.00728060247262178,0.0951157835564904,0.0075704184116371,0.0702519683809584,0.119294980659865,-760.442393205111
710,0.0403971337514806,0.0957278528136907,0.0115222097595861,0.00924680531753517,0.0818371988497266,0.00484111837820387,0.0853975569580282,0.122322192935956,-758.631998654987
711,0.0371001818000656,0.108117263548359,0.010386709613426,0.00709937459472359,0.0839144805094533,0.00101276669129139,0.0584550057379608,0.0988182595467551,-758.421144044556
712,0.0635747871872836,0.0953052268693921,0.0106883134033713,0.0107873768386895,0.0858501899478972,0.0011155176045951,0.0601817873512382,0.0916087235624778,-758.667255148905
713,0.0594518081303946,0.0825916557357386,0.0289514846986386,0.00595916459361935,0.0931592458075633,0.00596146530871842,0.0490792301017107,0.0976345464906694,-758.708420665256
714,0.0690455829683456,0.0888434456520235,0.0333822494022486,0.00922755655469955,0.105158236557856,0.00667700375715546,0.0752649985872985,0.0914259100615977,-760.842875092317
715,0.0437918227498668,0.0812516527709342,0.032259839033905,0.012416979833808,0.100887861829867,0.00743352440607218,0.0778687074401717,0.124551833796335,-762.874781752889
716,0.0931511334086326,0.119460310555382,0.0191062200511309,0.00369488105353344,0.102172185388396,0.00538628034141735,0.0842290705985731,0.118439133226085,-760.80091472073
717,0.0917429502522622,0.103189261885219,0.0211959932633039,0.00320474596147662,0.102881011787463,0.0102585878085145,0.0754313331051443,0.0929234946368987,-760.954791706695
718,0.0512656078322064,0.0932432368278242,0.0323961944180661,0.00861139425488309,0.0851672761752586,0.00247869318064246,0.0512218934298703,0.0852085724210665,-759.073048999146
719,0.0784379684692513,0.0405874731050688,0.0194191696186846,0.0199361531992288,0.0821944137981832,0.00585149292711929,0.0386689235182147,0.0921266426489012,-764.60128560773
720,0.0540659808407492,0.133199264235612,0.0193976852225119,0.0173241338971243,0.105138459381368,0.00444452938014923,0.0868217612470711,0.104080938212306,-760.853402847426
721,0.0667951906283886,0.110171751206916,0.0172935002296563,0.00923476882980856,0.0942190945727463,0.00951325578153266,0.0532492061364146,0.0807285820084456,-760.209329223921
722,0.0348483559524416,0.118878768603152,0.012936616749637,0.0101109065845146,0.0708462860080304,0.00503974681515978,0.0474076504395284,0.108973457003598,-761.134049084785
723,0.0706117206210548,0.148280835446323,0.0179105375118163,0.0137158345049646,0.0673778685141899,0.00793379151155241,0.0495267408762342,0.0900759876818229,-762.77646013607
724,0.0524710242703692,0.137288783565618,0.013811156991169,0.0250024186337729,0.0907565315768615,0.00728702927915809,0.036074102806223,0.0893497453131301,-761.368511159064
725,0.0698250752184417,0.108323028983577,0.00502695892454054,0.0196869603811323,0.083431871635213,0.00568922022768909,0.0484319140922363,0.0919531263181363,-758.487257136596
726,0.0777812289459088,0.0780335762045379,0.0172770609023321,0.016535396659372,0.078969049645617,0.00259307112145289,0.0602607024347671,0.0860238615530848,-761.417954896681
727,0.0704554100447792,0.0728805235352348,0.0251339646391431,0.00751581373802746,0.0846181989085543,0.00297639710994735,0.0594515554602847,0.0866003968681506,-758.778582647665
728,0.0638286944866456,0.0686656279946287,0.0382294473770465,0.0113458563735025,0.0938796735036355,0.0067028558653604,0.0507896976742228,0.0922204852473631,-759.775444184133
729,0.0863241351274953,0.111130826044893,0.00783024379347169,0.0161416622466086,0.0738982664717878,0.0124143028342864,0.0522301556745039,0.0824619559044294,-760.52611211315
730,0.0871399114653688,0.112913810485812,0.00304479634911259,0.0101118331443664,0.0922729893408081,0.00873217463001016,0.0570998729199422,0.0809177072506696,-760.447555510567
731,0.04786037297407,0.103084859786099,0.0241530813477675,0.0126868396646131,0.091976977273961,0.000402321887055097,0.0607304821715163,0.0624500930155994,-764.824242832724
732,0.0662790458577578,0.0902078588312482,0.0205517195660091,0.00211932504218108,0.0994939355491661,0.00085005404530565,0.0485736832869822,0.11232704415069,-760.348577720056
733,0.0624945744607407,0.0860004457961112,0.0287566658995028,0.000139874863703788,0.0722125246491649,0.00867161443701434,0.0729815611165296,0.107708248572691,-759.47189810465
734,0.0657394595544328,0.101860511921738,0.028069908086295,0.000318982884510168,0.0929057317605295,0.00151370831331484,0.0642514281770896,0.102259043390924,-757.499733436585
735,0.062866066427239,0.10890596714043,0.0270078748677109,0.00395828997519913,0.08898551026943,0.00232222971245419,0.0577737571276333,0.0975023947836857,-758.550856964972
736,0.0521563299341761,0.0802115978408101,0.0327691655460205,0.020056093559082,0.0619912299459634,0.00631304908518454,0.0479045807548573,0.0750958395161147,-764.389933986459
737,0.0391299704294777,0.0875459168558467,0.0168834660075191,0.0198055407031731,0.0865406663478385,0.00438457952554742,0.0386084836281632,0.0872743082797664,-758.516568593225
738,0.0362862194984016,0.120490714690179,0.0124043774410826,0.0195042042997876,0.0946458520793828,0.00715413883836026,0.0921462160787395,0.0878454418570733,-763.008384478793
739,0.0768115693720263,0.10836634754391,0.000375362991442513,0.00599751823312957,0.0790765858073669,0.0151664903242108,0.090215141281849,0.121105397837868,-759.940867698036
740,0.0767588063298766,0.117127604699922,0.000108491332925345,0.00203624959646108,0.0792980289888392,0.00509189564959611,0.0806661209646802,0.143725099661799,-758.314688888866
741,0.0753289480156573,0.0964838283483717,0.00789504572306704,0.0188947685094872,0.0858698928759515,0.00324905018238828,0.0890031525608841,0.144363196524912,-760.084748178915
742,0.0711791118774453,0.0990861901400315,0.0178621078549686,0.00950520410875213,0.0968005198293876,0.00282110425152907,0.106213324100493,0.119611293722732,-761.839060432189
743,0.0291787064114205,0.0892586328971408,0.0406994752778983,0.00219958679870438,0.0925040619850583,0.00121002718284558,0.0888342943291662,0.102224308663674,-761.488145947416
744,0.0780459951779786,0.0963881271729916,0.00444722102891563,0.00606956068330828,0.111604681410402,0.00471533297906566,0.0517404956257478,0.0792552416416677,-763.714695477598
745,0.0364057468651547,0.135910314801926,0.0121244366420296,0.0130310145633169,0.112564407784742,0.00576174694504823,0.0504768813363771,0.11238307429136,-762.29502280907
746,0.0697750394164203,0.11978564969298,0.0111942146296876,0.00714242443245778,0.0844961732622507,0.00576652878606316,0.0555857845798981,0.108806828833903,-758.495303678728
747,0.0501187164793525,0.095223261923845,0.0083699556574603,0.014588225318323,0.08062349476204,0.000502004579788135,0.0624404195863885,0.115884083039401,-758.444381015518
748,0.0492870416580147,0.0942902617600387,0.0118246352543929,0.0123898471250406,0.0931240353506595,0.00562261580191224,0.0883487253851238,0.146610557045243,-760.146569047358
749,0.0594736420609391,0.132553963494161,0.00306259397863872,0.00158907377946751,0.078250161004097,0.00277120508570613,0.0861245280728836,0.146261540235381,-758.710793477557
750,0.040998453362351,0.0983031260650586,0.00658065020651049,0.00238068451249967,0.0776682209838923,0.00637780041282082,0.0929398365790369,0.162277574297648,-760.143129803864
751,0.0683619784133384,0.134051489367551,0.00180477017468056,0.00386353227577535,0.0685977838663847,0.00138780341814189,0.108188998712348,0.153464038271175,-761.039510056137
752,0.0684624024117027,0.132234489356679,0.0118175891531767,0.0107470373189079,0.112019586436939,0.00480561330890669,0.0968376605545477,0.0939701012584307,-761.868799882528
753,0.0436104797277405,0.109727976311509,0.011803652603945,0.0361235179360593,0.109836605431086,0.00640600573932594,0.084319528979092,0.119779611113316,-763.64091808965
754,0.0834503002446284,0.0630103511838026,0.00654226147434509,0.0314839107291836,0.0655383303462257,0.00682144068109221,0.0700553209075693,0.108540141809382,-763.50851000591
755,0.0678051888264997,0.110981043628625,0.0113838991959523,0.00282168330801858,0.0991099387034418,0.00305811864074946,0.0780449295218752,0.122603337107929,-759.197819679746
756,0.0609262414434358,0.124648160599866,0.0119634989638232,0.0174907475604413,0.107639430189047,0.00296021425633725,0.0752720330457399,0.107398651777679,-758.984095672329
757,0.0348446503128468,0.0792418465380649,0.00965736995977252,0.0185194081252903,0.106428387572786,0.00262267521338016,0.0550851187983454,0.085854736499175,-759.659956982234
758,0.0356032707826252,0.0811459441055154,0.0363686636893005,0.00670770560784135,0.106288460667718,0.000219668822668306,0.0553285963098962,0.0909391594269739,-759.986302564347
759,0.0505750547484956,0.0962252725730376,0.0343578384977284,0.000701944545732761,0.0932535748797075,0.00366229168595133,0.0686842841925498,0.0944346985701416,-757.829938365425
760,0.0358084953583547,0.0707892126151633,0.0304692590599964,0.00498247287369965,0.100316404727973,0.00580693171029693,0.0700306246513728,0.107653899781985,-760.46219861566
761,0.0833127899255241,0.0975011883765301,0.0346941146922787,0.00147826620138007,0.0919728557658676,0.0015333552717983,0.0751203522756396,0.123090611993896,-759.728060669186
762,0.0535465392127675,0.0931050753180437,0.0353939376874009,0.00136580938402606,0.0885363661931855,0.0023098922329668,0.0684719315561418,0.107761650963734,-758.035426392708
763,0.0558944102591287,0.105780784801926,0.0025332530515742,0.0216324326615758,0.0820948571897771,0.0029550587868084,0.0669861840874625,0.100126314607203,-758.848496206789
764,0.0791091968069987,0.120935133914755,0.0136621414274021,0.00227820899436265,0.0932919330646771,0.00518242660176914,0.0613667670684757,0.0984803887051437,-759.559939557346
765,0.0279306150281108,0.116045054212728,0.0137707637878231,0.0234526586060683,0.0922944430418722,0.00534210132036177,0.0736506637980834,0.103226089281208,-760.647095245041
766,0.0489145600345748,0.113878449527607,0.00776070315132292,0.01460871557953,0.0960136299309594,0.012294513461008,0.0660447513875891,0.108677601642475,-759.512744910039
767,0.0576976367384249,0.0829754138502785,0.013991923390197,0.0209308748350066,0.0999815876045699,0.00067187789170893,0.0604270292030079,0.100929510133183,-758.937975115379
768,0.0515759460233921,0.111412082371544,0.0116667910378914,0.0202546530006903,0.0825991542860725,0.0140719619047426,0.0633265388221874,0.099837821329324,-759.843873332802
769,0.0597246322043538,0.0919967403857306,0.0141871178745665,0.0199687256140227,0.0797032541811556,0.012443819751691,0.0611080668842942,0.100032580049759,-759.56709248163
770,0.0873246966050702,0.112455965396072,0.0118470992370815,0.0123420181579334,0.0683874191699421,0.00554849270133298,0.0482285896188313,0.104461532767045,-761.50655096029
771,0.0542680994233512,0.108713396103071,0.00609522320151079,0.032280897135249,0.0908703385518299,0.00732992969238082,0.0557348295633499,0.107072216751307,-760.43607691314
772,0.0677485861374619,0.0694527229385239,0.00120965476655257,0.0292508105335179,0.0709155480499726,0.00738198507747359,0.0759529709407639,0.138346337441307,-761.998257846762
773,0.0481221409103371,0.0938002349505679,0.00605840231895703,0.0335696779016756,0.084996117236166,0.00865360720275015,0.0969854846457116,0.10628900456143,-763.322174975864
774,0.0914801498276498,0.112539451530977,0.00505128087502507,0.031655148309156,0.0851597998915069,0.00770635639654936,0.10857221853252,0.117109272218981,-764.279161894923
775,0.057265263723386,0.107158997951558,0.00134583581696919,0.0268046869897142,0.0916232824555547,0.00246724547974193,0.0811298680568002,0.128234808730181,-760.131688769052
776,0.0827094391944785,0.121106948306814,0.00263401689081606,0.0246521961626296,0.0853021401928665,0.00245450024612039,0.0943622316603574,0.114726239231339,-760.932677224828
777,0.064650733188252,0.0874762676808068,0.0029332440750423,0.0215113419470234,0.0835679272557693,0.00745311430220674,0.0778523463839825,0.111387188242599,-758.814298631929
778,0.0710411697171545,0.116207965180663,0.00993872210587817,0.015884470845583,0.0778679864297871,0.00383235932813652,0.0892201069175557,0.133169370764206,-759.784460539122
779,0.0350287376895534,0.0927374690096733,0.00661019627491215,0.018409236851496,0.0954299815545716,0.00160512522943843,0.0864737011704349,0.134672108859556,-759.9086223226
780,0.0468073562573134,0.10025889381572,0.00339148676057268,0.0154854730937807,0.0946687317863922,0.000446267943892639,0.0867355473102258,0.121784584517097,-758.4599568967
781,0.0484472998397905,0.113074912438599,0.0146124134505203,0.00346236108214399,0.0796047880745096,0.00613845947176403,0.077151553970933,0.136504184946511,-758.940296833942
782,0.0517714764410834,0.108453319777229,0.00698070318627628,0.00404427738792593,0.0841474260732,0.00219022641287089,0.0934363323892153,0.120333835209641,-758.025006947785
783,0.0507372705181666,0.100996926944873,0.0034283056410714,0.00417566511438785,0.0927378118832408,0.0149640141540224,0.0935968580136411,0.138663728832385,-761.43076354526
784,0.0600867406302977,0.142790502757355,0.00700294055368136,0.000269963931144377,0.0817527250844051,0.00482970555791031,0.0927852161685992,0.131242815978278,-758.681959085749
785,0.0401496165661547,0.140229290589492,0.00510644779309542,0.000722091063286374,0.100639949596678,0.00291137652546841,0.0688057367576601,0.0963870348142135,-760.175923187863
786,0.0420514007316669,0.13060852257462,0.0163280044796744,0.0143581449072484,0.0993688608971387,0.00233874310554304,0.0564389540244581,0.120371547262626,-760.73922233121
787,0.0512658809933055,0.131592605708981,0.0117461342052513,7.37057198425407e-05,0.0844695488298652,0.00261883101888501,0.0673710269283229,0.106569469314657,-758.377037998482
788,0.0548610575009849,0.133811911210957,0.012583262554128,0.00559012552594368,0.0813043884552028,0.00139549349860563,0.0569325183145712,0.109133257299067,-759.165150478953
789,0.0542444885554147,0.0870346792756787,0.0171520750263946,0.0264879730121455,0.0906419392143928,0.00889790073532512,0.059771868427812,0.072697875360239,-760.534842578645
790,0.0484237950483362,0.0838981133719846,0.00894929988330969,0.0159889661859209,0.0822915531611825,0.00761583934673147,0.068822688755941,0.0901130782246908,-759.228079428829
791,0.0541226818667738,0.111487644972953,0.0116565460008695,0.0347048974587625,0.115373187583748,0.0043039002074169,0.0672958643279528,0.102634335405951,-761.731976472091
792,0.0536445258648082,0.0765856483455329,0.00778804832838838,0.01351199153519,0.0709898243762194,0.00383986238887155,0.0448190988835756,0.0924066080142964,-760.399410016222
793,0.0774048821650823,0.102963595551528,0.0089715856263413,0.0167180333348759,0.108242493829676,0.0062964094738948,0.0447967776098207,0.0787977909730271,-760.321005880617
794,0.0564435766357507,0.117825591694471,0.0198281631046424,0.0171393648780613,0.0980971979012818,0.00562048392271882,0.0471508624174462,0.0709381497121346,-759.622994487687
795,0.0439497149803302,0.0856573908754832,0.0346991810350519,0.00997353115640073,0.100391187611887,0.00705520295929766,0.0550742241676355,0.0960758233538296,-759.843240275932
796,0.0571679878977412,0.0898055595874604,0.034694547880794,0.0173629355940904,0.0975895405564522,0.00207696242815937,0.0476406627985149,0.105063967401994,-761.805435377006
797,0.0635704508414929,0.0834162689972081,0.0174745166923527,0.0210459575503159,0.079095185702098,0.0109510792144327,0.0577212996149402,0.113831372742099,-761.147796834605
798,0.0455448785142711,0.0723147997107354,0.00159570887660823,0.0153050473997879,0.0760779188581061,0.00675086969360832,0.0671932374941449,0.116583445840948,-760.414578710147
799,0.0664187754870006,0.114703631990995,0.0149632642198468,0.00466936923450958,0.0895641552296479,0.00177982923027401,0.0779022056327496,0.13846514735523,-759.592604382093
800,0.0593364783953638,0.130826720351631,0.0187572852649155,0.00346142827996687,0.081225778047952,0.00606356145192933,0.0929960977745503,0.103346745207117,-761.452012699635
801,0.0645783635295078,0.0776282733163994,0.0190894708540908,0.00285985570500263,0.0891632755454483,0.00379897342020224,0.0739308599703771,0.0922549152967906,-758.834211567909
802,0.109904741279103,0.0966492623867002,0.0435605156974551,0.000722933484891143,0.0874125565738533,0.00257607392596882,0.0533778915707647,0.0836585020918418,-762.604031254174
803,0.0390345091337802,0.0936682684449299,0.022967781706999,0.0159886599452127,0.0755079733721222,0.0122892460041669,0.0434211102930956,0.103574299833456,-761.229314962536
804,0.0386800164603353,0.0965637295838574,0.0112538910646003,0.00658117355688341,0.0803977194742566,0.0135753688123157,0.0480300107231023,0.0938406038046486,-760.050142371695
805,0.0617941409841834,0.110912049391158,0.0082168430168824,0.0212502363493991,0.0811802631613625,0.0117065874243419,0.0393613541590643,0.0781877441491889,-759.445627843206
806,0.0534201329806224,0.0906613308303632,0.0119454521966929,0.0177389616683843,0.0804066265278802,0.0100306071706801,0.0338111857225531,0.0724269199990492,-759.39528041708
807,0.119210700855733,0.129074074618292,0.0492313173014023,0.00969975701942319,0.0845994219728878,0.00791310919547157,0.0367546714575028,0.0640490841688448,-767.467811939633
808,0.10425982372676,0.100261756405902,0.0479063763017722,0.0194847356000356,0.0821681005706974,0.00312256214888992,0.0283847445307986,0.0621324081993992,-766.567580090853
809,0.0409415986013459,0.103793975650373,0.0115091785584806,0.00636041640803877,0.08718493395751,0.00706154113040046,0.029877802792848,0.0604435313269813,-763.019409576767
810,0.0330837554647939,0.0972412186896374,0.0265363361684349,0.0184003908168455,0.0872925245203828,0.00997091843676595,0.0402751923778831,0.0741139002989468,-759.981154379961
811,0.0206311471697547,0.092928996290765,0.0142209291057737,0.02196820386488,0.100573869951723,0.00731983944345505,0.0511630918760239,0.0839456620235407,-760.706284095873
812,0.034557096707125,0.0933046229832535,0.0162717759489551,0.0189268389647336,0.104070977609156,0.00476153587734395,0.0602455958341878,0.0962709909807192,-758.664685994119
813,0.0598258731574564,0.120476752196687,0.00628497252287966,0.0262270283057165,0.0870378252799498,0.00698854471613481,0.0565259905314656,0.0981515149977094,-759.309677826453
814,0.0849868634832245,0.0747916126367529,0.000660001267098102,0.0183995972758235,0.0743788548949327,0.00283558621310327,0.0664132792734783,0.0976022257833202,-760.747851140373
815,0.0630927953181806,0.0819804414276361,0.0125921845159933,0.0206829502389727,0.0764252513643744,0.0081612256012035,0.053777696664825,0.0848897624696108,-759.247018118944
816,0.0540093370817434,0.112167033955626,0.0110102864867549,0.0131225553544363,0.0922620639978867,0.00717899835930354,0.0555367287059705,0.101425726862638,-757.728845726993
817,0.0487371357878704,0.0923424451403491,0.0124810596710932,0.0275135863410746,0.0844931631446162,0.0011419932816416,0.0618622146672403,0.0961812805388306,-758.68882849647
818,0.054419620238607,0.0639512487532617,0.011634323131861,0.0284674608040575,0.0964838858152183,0.00140575031091811,0.0510088597116558,0.0953932844758586,-760.36530196884
819,0.052936553292154,0.0650898304203443,0.0104875434026139,0.0269761462198856,0.122046672460215,0.000249272831390326,0.0518529113700232,0.0983021617800052,-763.817592162338
820,0.0763992403905088,0.151572472326508,0.00620693197922666,0.0134630547577808,0.114042854116851,0.0113731754953474,0.0855239166094793,0.0988722129501504,-762.836404257837
821,0.0666577936431141,0.105598733703045,0.00724105710772678,0.0126286272881055,0.097486388152612,0.00483898459703419,0.0708393933769974,0.0941291142384647,-758.118163442176
822,0.0515207338026073,0.0781458229543579,0.0109843361693391,0.0338886702676391,0.110966319790562,0.00250887774427804,0.0577001703484671,0.110170472904757,-761.649765503821
823,0.0435440036023009,0.100364815737196,0.0145398197013397,0.042516110602196,0.0928898676310618,0.00297563136498261,0.0783590269774919,0.10265485608057,-762.409479221376
824,0.0718336750647291,0.103620840944553,0.00418108765401323,0.0258032203803779,0.106866898632553,0.00180821373834703,0.0721131181539792,0.0895183191158407,-760.103001457167
825,0.0935811694725258,0.0811100998305742,0.00433811913216057,0.0169577636105714,0.110101698003882,0.00600663960223996,0.0722446824792133,0.108629372830638,-762.648650616401
826,0.0515890533741786,0.135444746129915,0.00329865436747903,0.00262534811167209,0.103138509793851,0.00494236631113629,0.114219310705553,0.166892286217482,-760.983114812632
827,0.0727993749688195,0.130611369398293,0.00581039474733707,0.00189357097452439,0.101899302544754,0.005310389814267,0.101135255902405,0.175405741339497,-762.574175274298
828,0.0545451408205993,0.160801308479285,0.0125749245041597,0.00319628448771014,0.0829157902691462,0.00385093150212591,0.129061633119604,0.174537726818078,-764.450756901724
829,0.055313067614082,0.161979719532534,0.00255384494432806,0.00310576446011618,0.0647697177806325,0.00768607986293241,0.0953381348807034,0.136294829880625,-764.308019128639
830,0.0743941627822623,0.134546680638482,0.00289888981749732,0.00313523248874155,0.104303062778194,0.00194300383872785,0.10637876149647,0.143127346363028,-759.052792583944
831,0.0704292736096473,0.144575607834907,0.00172003273010821,0.00596962552007667,0.113083234461384,0.00547826205466551,0.10925431285612,0.145059183688167,-761.30792153086
832,0.0540466836016156,0.11015292872121,0.00568157787943237,0.0015166126156519,0.104629303284247,0.00086530585400601,0.104847403288785,0.140383598792314,-758.847700220038
833,0.066445561781026,0.100164979399476,0.0317150783999532,0.0012135333476159,0.0978605214827156,0.00212263973294824,0.100410890230171,0.116044462182732,-759.69045783049
834,0.0810250940092935,0.105501351815896,0.0285201863724972,0.00183470019425788,0.0970996228484099,0.00478580929729969,0.0861837794661199,0.110167922864138,-759.324153377093
835,0.0310517905203837,0.0844033949468891,0.0430887722904531,0.00725842080066588,0.0852500953864216,0.00276408362378174,0.0789152272798637,0.0958023476734288,-761.99235984012
836,0.0789667777178296,0.0909014653733982,0.0316318267945256,0.0041013141149323,0.094255484151001,0.000580331668688141,0.0834056021655723,0.132193803314771,-760.130212886485
837,0.0684415026164206,0.0962177502236341,0.0151747738384259,0.0252264179666861,0.10591044797762,0.00125044720105604,0.100264645349473,0.126997303419199,-761.712111847423
838,0.0476479240770916,0.0977558526233065,0.00669687475766282,0.027302336455213,0.102366950064266,0.00435043705539813,0.0972080175656346,0.108050650841121,-761.081201160216
839,0.0668015526334146,0.0914922935585303,0.00615989263287222,0.010664274471091,0.091566128092759,0.00699749592962111,0.0861842276918228,0.110463836318948,-759.070051880253
840,0.064074597452738,0.176034028221233,0.0115434181853589,0.0108993975734881,0.111736327263623,0.00223581958420828,0.0859012984021172,0.120648668599858,-762.543568954768
841,0.0761121192134291,0.136004782340242,0.00714949278978463,0.00264330892461871,0.108718671344247,0.00270226415246507,0.119083386118257,0.147738011622103,-760.761559343161
842,0.051027284800241,0.147521447610591,0.00577314743195993,0.00712122153620376,0.110338438965251,0.00396127291610571,0.1225199624617,0.133749186220203,-761.432992737294
843,0.0842537918595179,0.141705628220106,0.00558167748173997,0.00514595501031628,0.105765762874563,0.00774931750192345,0.0753764398372984,0.108349119374911,-759.987350969294
844,0.054822851127761,0.138976249090838,0.003758072307279,0.0112923956211982,0.088825291456643,0.00504711826398017,0.0840609931551692,0.0932473155330655,-760.531708185374
845,0.0887421265773388,0.14486939687705,0.00439964318123716,0.00249134597891095,0.0891883099347492,0.00544535169626829,0.0865987462813474,0.121874012745923,-759.0137104172
846,0.0479900679429874,0.135271020378783,0.0131503733113242,0.0127081439974508,0.0973510449135649,0.00530045155228577,0.0911949948547612,0.125909137119064,-759.830748481393
847,0.0554488369005251,0.0907733143537432,0.00246931019350637,0.00666804604094138,0.0779883341706162,0.00610654982810296,0.0718706092983725,0.131588378210148,-758.613644140341
848,0.0660467318472772,0.104131753989281,0.00280174466517576,0.00576075581248535,0.0749758761826092,0.00348594581662236,0.0877524679475179,0.128213502861887,-758.02145376415
849,0.0497791270996492,0.112691491588369,0.00265944822353651,0.00626791663295318,0.102289147746279,0.001435920104101,0.102129788364315,0.102647053059632,-760.645152319283
850,0.0828701133339366,0.123168532148184,0.00827009464049629,0.014423795693436,0.109544811582785,0.0026559804555713,0.0924068667111146,0.109513458708661,-760.223280261149
851,0.0512518174208638,0.113449120322113,0.0168186766162026,0.0152878699153267,0.113377339356667,0.00939088815657915,0.047794180541207,0.0651006444534393,-761.901164211394
852,0.0494505565972659,0.121409002821897,0.0131964462676441,0.0237730251895562,0.0706952337248849,0.00840912233854513,0.051880099740691,0.098354867925722,-760.988737360292
853,0.0471115475761061,0.0732715610042174,0.00627751435542473,0.0313708884597506,0.0958143900054677,0.00370417232773989,0.0661780938624842,0.129714274228757,-761.691573570721
854,0.0702920073055497,0.0740231015657532,0.0078535673101349,0.0236446570174939,0.0840828381912028,0.0025543516596593,0.073264806468785,0.0906947254655986,-760.373835448834
855,0.0431904296014718,0.123367282702055,0.0084283227782956,0.00482022865932879,0.115416350615,0.00321374764507414,0.0756227522506851,0.107357268011176,-759.311409824111
856,0.0810120397928583,0.12143385364276,0.00479021739361054,0.00969741512964781,0.0851099773484582,0.00899115123952313,0.0771548530234726,0.117339318246253,-758.557683099947
857,0.101363539044678,0.133900679815274,0.00609552259987418,0.0131753864736254,0.0904236397871991,0.00780926719023104,0.0822207131784677,0.121314146990979,-760.655193102775
858,0.073547967949824,0.0920271119656928,0.000142251897814284,0.0303107595644654,0.0797904730442645,0.0066903404591642,0.0800988533154996,0.117305995725932,-760.320062567721
859,0.0501541586228052,0.0916438366298082,0.0250960533617533,0.0016942633892043,0.0854334995601906,0.00796089318232034,0.0966106413720227,0.127671859719838,-760.569271640847
860,0.058839245340848,0.0831906374387186,0.0258976570067007,0.00508953290146777,0.101669583106596,0.00620220470621204,0.100592711434999,0.116633027705453,-761.08433345477
861,0.0722095446559916,0.0962465178722048,0.00865533871466931,0.0325306717849182,0.0930872516232751,0.00202853556379179,0.0807744906941532,0.113091420444928,-760.240463559432
862,0.0555894927153624,0.0937368312857729,0.0154862065028529,0.0261199846158973,0.0893918342788441,0.00505683692691279,0.0935560716995417,0.118478148366919,-760.666146554376
863,0.0459619608780393,0.0927551763529686,0.00299223371208359,0.00974564805427357,0.089827594176895,0.0042747869483287,0.0618831544971956,0.113935735347773,-758.67970935057
864,0.0707361771536825,0.0935683322299867,0.00592676285454574,0.0218534089838973,0.065564237053547,0.00908868575501982,0.0687791531565343,0.0949244200160523,-761.09285058874
865,0.0607161105531542,0.0926530015960536,0.0042226864445751,0.0262074345617839,0.0784660678503931,0.00257834787789482,0.0657523241753276,0.108013922483101,-758.946288595027
866,0.0653590294691723,0.0859022151434889,0.00885721438153157,0.0100952329795185,0.0705145157406997,0.00919522829895706,0.0426967237039031,0.0937254131395999,-760.826919670289
867,0.0380181761243656,0.0911631199857845,0.0236524874284651,0.0208346725637517,0.0689198018439472,0.022594576422511,0.0503274855707609,0.0862432426575812,-764.025896702232
868,0.0364948213669766,0.10603543776397,0.00341979450848532,0.00829499355342176,0.0758458769386721,0.0164855272777348,0.0519073682463721,0.098858740100674,-762.193783104555
869,0.0527896727407502,0.128835818351516,0.0286567489431172,0.00924373513192384,0.0743766684257877,0.00929067597409314,0.061789045664942,0.106354668609685,-761.821117728132
870,0.065743793272378,0.0891376160929273,0.0143684120979355,0.0227351048537167,0.0844260357605614,0.00596064311425854,0.0631993845922532,0.0823359656198909,-759.463340045302
871,0.0767688699137513,0.0963602532896038,0.0129992167288073,0.0141427414468237,0.0859602593412598,0.00540631157896599,0.0514192037278791,0.0776448798044374,-759.792966225105
872,0.05295351587408,0.0961864942919849,0.0174852637922538,0.0141999124313814,0.106537288451312,0.00955943589911926,0.0485251949285804,0.0960063566629516,-760.658063004949
873,0.0340038241236033,0.113074983340287,0.0187098890645338,0.00763043499553202,0.09395608127126,0.0165304552520301,0.0635833925528617,0.105635967219798,-761.627322962826
874,0.033781158190632,0.141908216520877,0.0138943404489505,0.00595465698313288,0.0876275832087461,0.012015546898773,0.0696639404661358,0.0953066964780156,-760.639743669901
875,0.0705531569156032,0.127066605751986,0.010456220265868,0.015425325696925,0.0934191262474421,0.00286294600434093,0.0393782726712647,0.0948734634486713,-760.268368345083
876,0.0532123846208024,0.118263706634978,0.0146077174503177,0.00991678584821582,0.101449897827689,0.0107932463685508,0.0760125489997888,0.122844780890857,-760.543310918491
877,0.0466225298851947,0.105458273344813,0.0131699482578544,0.0115009548496849,0.0648761832246001,0.0115168673214183,0.0509075615309296,0.0978359998027516,-760.518863024303
878,0.0740564793623314,0.113170197580923,0.0101951201748518,0.0136404894557193,0.0988927174120313,0.00752922997422963,0.0652826679848152,0.108971980416068,-759.027732679222
879,0.0933239281062542,0.0938126707931673,0.0135183506723461,0.000959269264938812,0.0785790619996943,0.0135323556111559,0.0689380202577448,0.113495203666832,-760.450303949553
880,0.0799704726616721,0.123500813853878,0.00764335339783939,0.0014092178038593,0.0788704220465334,0.00557332819052222,0.0753424737782127,0.110432262341687,-758.992080996487
881,0.069950609417071,0.123654686408785,0.00766883592029736,0.00967929135792418,0.0995175576785957,0.00382053860044595,0.0791140483604913,0.0941179058833456,-758.796571918115
882,0.0590748091195045,0.107441383235986,0.00503975198478809,0.00702480336542166,0.0899132300889625,0.00821325700688136,0.053656564874463,0.109024359319989,-758.797636131881
883,0.0560153045476255,0.115421041260491,0.011350471294717,0.00690519394659786,0.0786709684294115,0.00448602370688156,0.080684666478822,0.124123160569425,-758.084571022089
884,0.0375803469044612,0.1071205214931,0.0115114298216874,0.0057241055708448,0.105039173708395,0.0111502099996063,0.0786875222656251,0.113105420169053,-760.733946778138
885,0.059796245052504,0.112331557995903,0.0206742534710921,0.0218163250100374,0.074189601794759,0.00778072365445883,0.0714473512650019,0.118704630849261,-761.3451125447
886,0.0542285046319636,0.0958363166666867,0.0182874282424018,0.0184907963064262,0.0817497818012032,0.00130906656344771,0.0588069741766428,0.117429281774215,-759.38735141086
887,0.0446931914058381,0.0910572080808972,0.0124223269519917,0.00923909849752815,0.0868532294097154,0.0109277312180984,0.0571885924706687,0.0891789802942426,-759.229314633084
888,0.0500472845286726,0.10532982176198,0.00739816658145652,0.00810370949570658,0.0962032420935608,0.00411301427237772,0.0642434512931639,0.119052415793603,-758.076121190033
889,0.0865676025796882,0.136065457929437,0.00495214658344486,0.00267500391738929,0.0913226354789197,0.00328045239958199,0.0982561987399035,0.149940809073775,-759.613290650765
890,0.0841126771472466,0.110870548035783,0.00544615855205569,0.00918553842233495,0.0941634470919294,0.00832843109633181,0.131199684479735,0.137680556779395,-762.526497743501
891,0.050544934016035,0.0886175014969589,0.011952293969748,0.00693499025534145,0.114311241110467,0.00693318435329353,0.122853039754546,0.135717461440916,-764.886347281794
892,0.0455959518556861,0.130365107439103,0.00996481747828235,0.00920326177316026,0.0935081286508224,0.000799396910706869,0.0929590302506906,0.168453702583276,-761.800501846659
893,0.0440404337149466,0.0919432560385186,0.0172969122456066,0.0251752359790762,0.107627876545947,0.000725916729787756,0.112227074799447,0.127707163005689,-762.441311424083
894,0.058929430639125,0.081581635061945,0.00759594744973145,0.0259140242604308,0.0852847342272347,0.00584984863518897,0.0889395938309201,0.100978168377697,-760.66049371235
895,0.0716351194863353,0.110060372185153,0.00396489697690564,0.0124956474552016,0.104340955402678,0.00218356810998113,0.0950053070275736,0.100885598440138,-759.759541174528
896,0.0524378304593558,0.102595697981964,0.00339764799196985,0.0138562246001037,0.120119131709213,0.00202077050471997,0.0723337656490503,0.0993489686762887,-760.367792076755
897,0.0497839227722427,0.108798440337142,0.0298891941990585,0.0292150897268209,0.0990687189440041,0.00227015915308022,0.066705035533821,0.0933533346675318,-761.348288851353
898,0.0478809470251249,0.0936658158920402,0.0307706207951693,0.00977837179855512,0.105973019984861,0.00178792984264029,0.0535013885862509,0.0911672878342454,-759.393202160028
899,0.0602692357094186,0.0996080740929415,0.0195008936989236,0.00537231794456295,0.107328050841783,0.0019410154503389,0.0758669539687093,0.11219058531084,-759.37971060482
900,0.0829638278225756,0.0914477344297376,0.035178022058397,0.00193998158436743,0.0777668853259258,0.00234557183421636,0.0759060555206796,0.115215943926517,-759.928235130447
901,0.0969213725248157,0.0838158575120468,0.0230942348990805,0.00338424534973556,0.0827078741658917,0.00101679892678074,0.0559013106952067,0.0965039995816561,-759.451959749497
902,0.0434184171555937,0.131649036023696,0.0197306603438433,0.00352809260547639,0.10169684867411,0.0039710691295483,0.0587658483281064,0.11198624584484,-759.84216695272
903,0.0267223153630475,0.119453103521113,0.0190655864391089,0.00168613448576995,0.0899253426240256,0.00312409919322018,0.07696805037345,0.108548858205331,-759.470547655088
904,0.0987103379043093,0.0885873733628782,0.0033948381765035,0.00254081345526176,0.0937379009410553,0.00645802230480078,0.0769553280026991,0.121735925748365,-761.428838068329
905,0.106126843441399,0.152924458521718,0.00171771851197808,0.00538796771449847,0.0720458935780267,0.00555192734968784,0.0784934547782201,0.0980933596404107,-762.334246101896
906,0.0424932079259499,0.128320468514439,0.00443254165427033,0.00312656633622373,0.119153968020062,0.00757451567374383,0.0787907796300451,0.117597515337172,-761.732321247829
907,0.0650494151744229,0.12315186757242,0.00813789807586091,0.0100348039915643,0.0843720042765895,0.00363977786297323,0.0760160188030724,0.112424135527568,-757.701078241411
908,0.0755722922437389,0.104209535631565,0.00048155953025234,0.0135654987171344,0.0849298815510445,0.0129243545528689,0.0684630233658161,0.114050329767473,-759.415536123514
909,0.0777472290255987,0.0828341090048257,0.00510010709923596,0.00703064632543588,0.072004955701411,0.00693123125979756,0.0724930881678645,0.120610074479527,-760.606315331121
910,0.0660745303678403,0.100404870813562,0.00557471490615901,0.00290492203593407,0.0707659397461613,0.0114920845680267,0.108333566638816,0.17839057115547,-762.17724873317
911,0.0579205289839765,0.112924274619774,0.00421336335880585,0.00210646633708806,0.0884530071508597,0.0032357542987314,0.119525024002164,0.152129212166575,-758.669630343835
912,0.0590004129770023,0.12728963089048,0.000247711583204418,0.00572965918507912,0.0700423877057069,0.00301795084693782,0.103695346699862,0.13560042142214,-760.325046572259
913,0.0968825118757103,0.105953202107786,0.00534157862799507,0.00500259095984106,0.0905082811555311,0.00458499808672546,0.0966833815096176,0.129850430699357,-760.68871614106
914,0.0886054880419779,0.154931617976021,0.00447939010410967,0.0042785990080157,0.0881458006212265,0.0068478118604982,0.0705358122074028,0.120681609514592,-759.809885794654
915,0.0900912276544422,0.141337945094566,0.00234025283807336,0.0112985363851472,0.0723849509499642,0.00324896111723,0.106342697833759,0.162304511724978,-762.71721924157
916,0.0728041605782216,0.141968753528809,0.0104066373238379,0.000358332929472712,0.0707397351257216,0.00870039043754417,0.100298568335652,0.128073199454628,-761.39348544786
917,0.0776316801717374,0.116554863288423,0.00129998193281334,0.00455809807902566,0.0808374482099737,0.0131648798559313,0.0926766329424227,0.136451517984279,-759.474721160948
918,0.0657734161858192,0.11420924587252,0.00655635443979266,0.00632810974693983,0.0719991401793803,0.00893318471325532,0.0711617386471391,0.112066578544433,-758.581028771007
919,0.0786225987620282,0.132758357774698,0.00508649671016193,0.0115083358735452,0.079028725270115,0.0029346198240339,0.06287674559857,0.108550172794088,-759.109163467054
920,0.0538187133431476,0.115312551303347,0.00421888156528058,0.00258689592537989,0.0771185527111081,0.00731551931157953,0.0885277235219013,0.111032847262232,-758.951675796105
921,0.0526763530019177,0.0999572450894101,0.0228164385638354,0.0376805970524898,0.0879401771117208,0.00159616514085235,0.0508495052794853,0.11620288502332,-762.986413789647
922,0.0410569961482808,0.0960337319634335,0.033816214180308,0.0415720453478782,0.0819226202269099,0.00145076188622846,0.0508913255508038,0.0806168879275476,-763.171519281757
923,0.0340888787138388,0.076370399364417,0.0269865722025146,0.0175752650599369,0.0962171391436983,0.00392032964419812,0.0407014803231454,0.0903914038545812,-760.888283077028
924,0.0299382699059668,0.0890022738711639,0.0258142233794543,0.0235493865941245,0.0876516525248136,0.0019047791734357,0.0622364731725692,0.0975491361422695,-759.703226201008
925,0.0579051855793118,0.0967022886913237,0.0242401061018981,0.0219477353379947,0.0699147048974153,0.00533423030942611,0.0749547227251137,0.0988834554967736,-762.26875949666
926,0.0591637296827594,0.112686889503392,0.0279658596391586,0.00446876452856107,0.105747003881734,0.00191451294891409,0.0559961355701341,0.0991780944011213,-759.265263698203
927,0.0636926098821334,0.0961241679140489,0.0234113643969026,0.00570261412420825,0.111482244883259,0.000351066456411606,0.0746967512274052,0.106592633947248,-759.377930066191
928,0.0621465652108028,0.0809233014778422,0.0393378295985961,0.00714652948093792,0.112157789050728,0.000507968962299711,0.0491542920094593,0.0683800304393815,-761.932168801776
929,0.0755441370407968,0.0754376906499948,0.0208654778172878,0.00693282972376629,0.0712787753534288,0.00635535622520572,0.0552323027247113,0.109014336888904,-760.353324683116
930,0.0717345988345507,0.0767213887193436,0.0193521362761696,0.022777037553712,0.0921301705381446,0.00185015147607795,0.106551400740802,0.129710196359745,-763.746773853244
931,0.0487769537272393,0.0912331440183888,0.00825110240031656,0.0242889943551276,0.127928574045059,0.00341619592311798,0.140193665332871,0.142472559252455,-767.027402193158
932,0.047557279334769,0.114593189506505,0.00358194894952875,0.0270748342337272,0.123160586393033,0.00208304573498523,0.122716489619223,0.114332808378619,-765.284583623475
933,0.0891761536800441,0.136223859690815,0.00184167212875794,0.00394667233187986,0.13511902117371,0.00125664990376819,0.0740762120224586,0.118792482803102,-765.339179842251
934,0.0278655470180573,0.127847509210173,0.0206027623339085,0.0149519047618116,0.0923385137855249,0.00635198401685217,0.0688446520479677,0.0838725182166899,-761.217881548985
935,0.0630237619717663,0.127820066481663,0.0201277435759716,0.0089268154599317,0.0826298648175928,0.00618751616795681,0.0678590316818527,0.0810083669022359,-761.154790027907
936,0.0321092402940854,0.108555180121319,0.0144179492515863,0.0295050357099186,0.116488834004603,0.00229892479011252,0.0535980590266363,0.0958723204321199,-761.285722174067
937,0.0650169192533153,0.120066229282093,0.0055666798762569,0.0173783227326903,0.0951520315678482,0.00561800314893399,0.0760550058424978,0.0976565743425714,-758.531399109044
938,0.0735069749032872,0.094233423837564,0.00855033502866428,0.0139513371202184,0.0941857148948036,4.11802944173291e-05,0.0745636454763058,0.092970732368435,-759.923625874859
939,0.074820372739955,0.094770956133027,0.00111322329283718,0.00571898059573631,0.0861308478621801,0.00419402755304552,0.0669217140073216,0.133626054788062,-759.463923827793
940,0.0561614103799658,0.140884489388715,0.0158245814080245,0.0120496841660657,0.0949057019791072,0.00140256651134699,0.111273846569547,0.115984060118457,-761.823191587717
941,0.0607146624325323,0.0946049657036763,0.00401098618817754,0.0153087897993553,0.0988739359534191,0.00282212050579561,0.0660554480655255,0.08439855195742,-759.193966481375
942,0.0685624138367713,0.0892945939773022,0.0113936291267159,0.0452329138117928,0.0794400527446759,0.00583994367856843,0.035487180584113,0.0794020606165231,-762.227372117956
943,0.0432347327792027,0.0923962141330472,0.0276228157442408,0.0175177405416041,0.0863562325641549,0.00313524119643939,0.0380096512403328,0.0790851879249895,-759.788601525594
944,0.0329834858295263,0.0923975659317788,0.0164306191426316,0.0214744826884891,0.0834298769919431,0.00902500801020509,0.055422566379303,0.0713987422771745,-760.412238079597
945,0.0594585400893218,0.101860419065763,0.0124431767229954,0.0236837017737351,0.0989258085740298,0.00945198768973305,0.0404266755401349,0.0664981380753126,-759.771412110494
946,0.0636838443523221,0.113049180429015,0.0115094207404002,0.0270677630188167,0.0921251252187508,0.0105025455137114,0.0415980123766605,0.0927146018310359,-760.132601740679
947,0.0580123154121539,0.0959213226388319,0.0177489833488525,0.0281363374643922,0.0969157388481408,0.005471289323328,0.0704217587862606,0.0929461022230072,-759.646325990974
948,0.0663710916584831,0.0927663684620525,0.0143014930995474,0.00199145917473359,0.0968780355822178,0.00406127080741391,0.0485770343877439,0.0813866600814624,-759.370328437247
949,0.0580054529236331,0.102014904595643,0.0374569925707614,0.00374468191139294,0.129163879542099,0.00776487667980127,0.0444160435641876,0.0970257939470672,-764.454507448908
950,0.065772558801635,0.106276183109107,0.0180793558282046,0.0062856227090778,0.0925533043661023,0.00118967805464089,0.0561543406954253,0.0845935685687313,-759.839026780019
951,0.0725280791648888,0.159792971617863,0.0141778478463921,0.0217854790140831,0.10283742974113,0.0136055419348727,0.0447541854952649,0.0767564235417178,-763.272606670992
952,0.0425887780697729,0.114318758870208,0.0212419622046642,0.0151000917640534,0.101455746622651,0.00295783830495673,0.0402220327276622,0.0916867866754438,-759.762208467338
953,0.0737241928039066,0.0914392557072433,0.0332309967527397,0.00173458366423425,0.071768851497742,0.00419208629141241,0.0465989553926382,0.0995534595477948,-760.155102692606
954,0.0498100602732693,0.0863908951539091,0.0438491929120784,0.000986049800943399,0.0955619833141471,0.00328876977624878,0.045803891634389,0.0912947356281854,-758.944241668553
955,0.0494997262099644,0.0822214587811411,0.0350117427569755,0.00271124173906291,0.109485550328852,0.00619451631799823,0.0607541054011665,0.0922037382181199,-759.260949516268
956,0.0286766229562339,0.091218398981007,0.044589479840162,0.00591904373606028,0.0938314843666747,0.00323521005193105,0.0789029979593238,0.103257541597278,-761.57871926527
957,0.0907865205532229,0.0836734990211093,0.0377235641772755,0.00325200812312018,0.0965840964354582,0.000933962732357504,0.0804844391912889,0.0837208177899511,-762.633448730229
958,0.0225887555987394,0.107510253149664,0.0301600481291717,0.000907358170208436,0.0956714935530522,0.00293826370384364,0.0780563079128049,0.126706421614627,-762.121266867954
959,0.0260093942734546,0.0942300494351759,0.0274786532480028,0.0187788839429033,0.0814071796014232,0.00311841161664965,0.0659775582023147,0.119310825528479,-761.179999976374
960,0.0395930116463293,0.113423564893931,0.0169176911410828,0.0172189408251808,0.0966208233587378,0.00282261840947723,0.0863885447015642,0.123019089738159,-759.413374116934
961,0.0541889900122863,0.113926505037359,0.00254551506835919,0.0104072069769206,0.0853671149779182,0.00293545879834468,0.0877034351021765,0.130314721202661,-757.855927012685
962,0.0493601249218959,0.104496889500364,0.00560601993546321,0.0016843230060904,0.0846433243216267,0.00357907911369963,0.10749797369965,0.124142849931271,-759.361778936744
963,0.0442046311921448,0.115752625861199,0.00797602664933695,0.00215165944395268,0.115337395902539,0.00273299746355764,0.0643211364525294,0.118621938077008,-760.902824066541
964,0.0344275006253183,0.129320297974489,0.0111999574864147,0.00707074557389412,0.0743045585607776,0.0028223499097964,0.0693312564540831,0.125997883099905,-760.667456087669
965,0.0338405858399673,0.117397286415239,0.0145704861367332,0.0049268808551166,0.0750570757605139,0.00285674541624786,0.0584627596401645,0.113725024547515,-759.515473057398
966,0.063657440861104,0.127817523006551,0.0107364659905254,0.00893831670809535,0.0803953004778276,0.0044830418555617,0.0800646347757583,0.118699700084106,-758.416401298478
967,0.06376836532648,0.0967540260874672,0.00479828857487147,0.00904264452193299,0.0917144797982173,0.000819150211879265,0.0774440826620821,0.115858769392158,-757.784356688343
968,0.042867827859529,0.104889695524109,0.03265592260822,0.00904118898325535,0.0956738843106958,0.00210340417155071,0.0639857371133631,0.072667442063696,-761.872451603349
969,0.0675075300274151,0.101106665227417,0.0462381196300941,0.0139612614361597,0.111165155521724,0.00505334927766835,0.0390209201171253,0.0805293490653263,-762.625283758844
970,0.0192406407363404,0.107476597607246,0.0367858903366076,0.0233986025913958,0.107355474470485,0.00557893801863032,0.0285994780976372,0.0827528379134706,-766.013815431901
971,0.0492273294074461,0.0543669351339556,0.0432323395406435,0.0269348231273239,0.109369668472881,0.00315767171537766,0.0331303802870037,0.0574730688460946,-765.45988713583
972,0.0565535142994266,0.0865922098006469,0.0356042991306386,0.0240179682398131,0.105320656870929,0.00939581951423897,0.0312430480551058,0.0698660063962033,-763.397440096114
973,0.067162129989648,0.0813442501920004,0.00386470297648018,0.0348576956062996,0.0714918792918395,0.00766685432021376,0.0514977353260079,0.069179189040424,-762.778675957876
974,0.0517894389529097,0.120593711800427,0.0133953006389904,0.0375759437548229,0.126910420945689,0.0125313621425482,0.0447586965504817,0.0776628004666915,-765.656385071827
975,0.0671218646086697,0.125274911931058,0.00983224639838737,0.0191275856369731,0.126298384664955,0.00660100977184005,0.0558523569879741,0.0758612055682525,-762.139512472684
976,0.0701147170025603,0.144031555056697,0.0135907546354373,0.0132827949933508,0.115179009283707,0.00190979460772242,0.0589324568858845,0.0846980365736038,-760.955485160272
977,0.0504254806834443,0.090576282988412,0.0103724507404558,0.0125291423651413,0.0971027880461109,0.00873453855903904,0.0398308863197504,0.0736607411708791,-759.788442975403
978,0.0451205488305276,0.127003703077407,0.0145588465580009,0.0335447013148082,0.0832587635503879,0.00439412420691103,0.0386766232014137,0.0860277225612937,-762.0046008789
979,0.0644947417104931,0.0607081396128856,0.00780011472172992,0.0272825222002318,0.0711822195331953,0.00648616749758733,0.0614958364476898,0.103960201539115,-761.454722940493
980,0.0559626072272203,0.100781183252167,0.0135308408173297,0.00545572007477386,0.0894154051674298,0.00852152421023427,0.0716287107615988,0.133679058004754,-760.064962828962
981,0.0388056571310882,0.0977384945713623,0.00965126794729428,0.0148533101649706,0.105937805281337,0.000406361734672534,0.10760801354003,0.136917446834082,-760.292038813926
982,0.0745453689144217,0.0930933662562015,0.0133068638736813,0.00869567288940703,0.0821261957848137,0.00154747035612513,0.102692007089471,0.153993649511517,-761.498429847102
983,0.0324023772667353,0.103948516247104,0.00803409751651125,0.00389167834133984,0.0711905961151208,0.0033832256478516,0.0689049309286161,0.154485820421127,-762.214591477692
984,0.0542952011860479,0.112287422093868,0.0114895428041168,0.00494732430629003,0.0902565433722121,0.0129454349816459,0.11826264480795,0.151301380323219,-762.513214820938
985,0.0623867201088646,0.12896648279128,0.0153713629827285,0.00162261698318487,0.0740232683957801,0.0097968649938262,0.10079517194658,0.170453603156221,-762.958462019022
986,0.0592968097800062,0.0848231002698652,0.00744449225258586,0.00356047762100585,0.0809456337551933,0.0023364192111051,0.0884939813910276,0.149525063849321,-759.846533374765
987,0.0614322570400902,0.106213335479229,0.0028064402860102,0.00933242505257784,0.0821506659691623,0.00372211632282845,0.0979570490740409,0.16065386133882,-758.953717699424
988,0.0561819739918442,0.0830633319911743,0.00744287077386586,0.0138530595732778,0.0850717884226261,0.00927445999364193,0.0955693933734616,0.130459065061617,-760.430489431589
989,0.0545111026815959,0.141037634767517,0.0216276266426334,0.0130597336903952,0.0874658476458498,0.00565183662473701,0.110875535735973,0.137685412307476,-763.400138498372
990,0.0625008940869243,0.0591569721372605,0.0315403818077125,0.0069302111190248,0.0866331601988218,0.00272775609608786,0.0896685870779529,0.127963395363179,-761.243076520063
991,0.0630712074702142,0.104987478676398,0.0150368762225978,0.0140742376359403,0.09187567730017,0.003240957190752,0.10698538895131,0.137113944364973,-760.386596640847
992,0.0444391778146843,0.102922518531107,0.0154669167545516,0.0102305133752877,0.0708611901781408,0.00284306218447962,0.096534038666366,0.129850210280313,-760.915739220173
993,0.0461813055034113,0.0871783869094232,0.00649398304321618,0.0106773550558228,0.0856958338832275,0.001285516341083,0.0761310999054056,0.111310246651452,-758.237581019841
994,0.0523361034518929,0.0782796520268062,0.00701818139331483,0.0210842429013694,0.0722997018991094,0.0142574761669827,0.0509355211931491,0.0976391371302622,-760.627777060051
995,0.042556326997999,0.100952794653865,0.017354276298414,0.00505038276709257,0.0999898401132117,0.00741630077840907,0.048505684154395,0.0800826467244125,-760.231615790136
996,0.111968941064057,0.0978728569522718,0.0163639420318531,0.00665438415300146,0.0780257729536024,0.0088083195625742,0.0449071105092211,0.0923727844948482,-761.920104084756
997,0.105539747155068,0.0973492713615027,0.017146232127309,0.00937632531688573,0.0834159446640694,0.0114694738177021,0.0490100423824775,0.0901483699931549,-761.864334762062
998,0.0215027834092766,0.111747228199543,0.00868016771111883,0.0194261665045895,0.0954554506662803,0.0154010497915581,0.0626696464290998,0.116059210827551,-764.993034703129
999,0.099806792705623,0.0992074171220596,0.00075053413750716,0.0252068612833971,0.0736042247494601,0.0106850060016865,0.0513633104081437,0.12164065649255,-763.392403052875
1000,0.112875740497563,0.101881561097936,0.000529401111116228,0.00947883222342184,0.074012480888844,0.00660519072601443,0.113855024274554,0.167171408147101,-763.685857458936
