"i","asc1","desc1","asc2","desc2","pol1","pol2","tran12","tran21","dem1","dem2","p"
1,0.051177107005251,0.0217210831599113,0.00934704921342142,0.0299222315686719,0.0374163385229897,0.00939442582949718,0.0133153312092714,0.330835484563792,0.00465092777159792,0.0132453132531272,-629.141697597087
2,0.0418027798504357,0.0124225149321825,0.0305204829218692,9.45801944574061e-05,0.0395663449572677,0.00641494671090365,0.00690095940660153,0.232932679747221,0.0194285743794618,0.0141438502174047,-613.551719693157
3,0.0384106857421006,0.0158526109437543,0.034306760775544,0.00303363600279194,0.0457561034164786,0.00274318358938914,0.00352600737957795,0.0214522190703975,0.0153497224245061,0.0220377291904807,-607.307038540896
4,0.023975794542489,0.0156579420383924,0.0380754970171308,0.010469458502768,0.0449946435573451,0.00193156969637094,0.00293775992282848,0.0162394365197224,0.01690148420453,0.0284723569553933,-607.498802031474
5,0.0208146074245419,0.0200943239123756,0.0213921990547459,0.025933546174142,0.0473108580927339,0.00576049650638433,7.14370081606737e-05,0.0267491143800609,0.0153573435346407,0.0286383041413858,-604.325365069341
6,0.0330502376462096,0.020730877179873,0.0400338367143196,0.000490131347796324,0.0372532722594548,0.0158422860116533,4.47099686930608e-06,0.0138499282262481,0.0161000332768506,0.0121320222557978,-599.218092514523
7,0.0282333140389892,0.0235049469817487,0.0049779536507302,0.0111039368243382,0.0389224558855914,0.042431470685495,0.000189824131817243,0.00118180544634692,0.0177319128196083,0.000515914975050209,-599.595958306684
8,0.0224279944261598,0.0121021481889807,0.000675533742290469,0.00633008393862899,0.0321272106983392,0.00494978526404876,0.000208771614732478,0.00133017225426943,0.0135912445351929,0.0429353985857651,-600.389670551623
9,0.0462059313893458,0.0198786157364462,0.0384254539818234,0.00771732183787437,0.0410113086003883,0.000461915828982111,0.00060754174477419,0.0215414229413142,0.0118905342608077,0.0298401599239271,-602.814674729618
10,0.043975800721161,0.0241532539417318,2.56489872301826e-05,0.021290421137215,0.0356218802082033,0.00098620334900843,0.000264719961452068,0.00625983104073647,0.0138445351017595,0.0181588061117263,-599.41213923243
11,0.0280451478754446,0.0138253097926393,0.0102792106685772,0.0217854683789138,0.0410584364081283,0.0121020961400676,1.79128558623875e-05,0.000321156194856922,0.0139497548635602,0.0541637479470038,-600.012533801105
12,0.0362528671076728,0.0266708588196262,0.0117411121287461,0.00457448093794204,0.0308495806755686,0.0223921286370459,4.50163524023182e-05,0.00015190117046077,0.0114988855562933,0.024282023006155,-600.515983750725
13,0.0384337908897611,0.0108375053857305,0.0319648235553709,0.0290106799638197,0.0390638814699177,0.0182372268697017,0.000317417264619714,0.0307068730542032,0.0158683090807856,0.020209419158189,-603.189060545817
14,0.0252384935948008,0.0212639543367073,0.0209489216014439,0.0137945221597305,0.043155230573311,0.0102594197825545,0.000442500676362789,0.0173313242581267,0.0123980365825662,0.0132780742428461,-600.715816682904
15,0.0252113895662136,0.0233030897226116,0.0180723035375562,0.0211302615343632,0.033677435129886,0.0207366737819614,0.000180949787758716,0.0147604603488972,0.0182716660547524,0.0235930922433286,-602.198698299045
16,0.0269618432084107,0.0111651209728843,0.0249458938909761,0.0168693087659006,0.0364619435249642,0.0153223009756213,0.00116279591819654,0.000273570812775781,0.00935575313955393,0.017181426872601,-602.653247108037
17,0.036319263263336,0.0201774564957725,0.0228226522901609,0.00803410453122947,0.0334648866148571,0.0140266855610687,0.00099184421894871,0.0563656547885263,0.00929329022734477,0.00538821510424864,-602.68592669255
18,0.0260919963115764,0.0114349109376762,0.00637817281146744,0.0340156640020464,0.0431410757746139,0.0114930951595697,0.00159301363875863,0.0135466870095259,0.0212247819099643,0.00969370620240975,-605.364645588875
19,0.0327433649707054,0.0165923298019011,0.0251760545677541,0.0136580373710375,0.0326479591777807,0.0339894010122266,0.00159991406399136,0.0172387810832619,0.0236070059996005,0.00103430650957607,-605.887507035433
20,0.0183922599781027,0.0167342469434456,0.0181367723891936,0.00680653343722648,0.0381720604869593,0.0811611069011581,0.000421993935280753,0.0261852627111353,0.00854604497245692,0.000465778309264106,-607.33790813783
21,0.0221065849364289,0.0151151757148567,0.00905255727284367,0.0504608551855737,0.0351175850226811,0.0519620313311006,0.000808635451382129,0.0776503162199446,0.0139267507151455,0.0114205990930781,-607.878873618876
22,0.0335257324618011,0.0117280728313091,0.0467767026472181,0.00142933950163557,0.0353084896115474,0.0223028013094617,0.00141208844161109,0.0533285048240214,0.0110999853350222,0.0187938554940937,-604.466116664154
23,0.0389649812204583,0.0232848356881914,0.00276874712105012,0.000495142020834283,0.0402323406638535,0.00470996495676921,0.0014651766828323,0.020766022726106,0.0118756454989425,0.00945040092558216,-600.093226497523
24,0.0396467602611435,0.00864205849425037,0.00369341031326351,0.00644700058317832,0.0371033453786496,0.0219554836585525,0.00184004745192525,0.159748978146063,0.0190174998237772,0.00258119121374622,-606.98207595754
25,0.0364815121716541,0.0125097564688435,0.0092120472540468,0.0020440751286587,0.0418029389082602,0.00754729889315637,0.000181881942753884,0.0966835574739815,0.0183958669368904,0.000305653357136463,-599.867402094084
26,0.0273235418500418,0.0207535034924848,0.0104564050401943,0.00619997119038315,0.0468837486144699,0.00851059955945437,0.000775154028155173,0.0965694339595895,0.0205796877823625,0.0106596523756912,-604.313442195416
27,0.0241197718441108,0.0195285391761751,0.0471026754946153,0.00404329949139591,0.0392375704807001,0.012327607478859,9.40704335225316e-05,0.120653959637898,0.0225299616014039,0.00537117751967029,-603.892123848231
28,0.0252315411230796,0.0163474563215982,0.0410230894877594,0.00162499717608464,0.0472705805175473,0.0115188193086238,0.000127067144666178,0.157468710841138,0.0144702411823746,0.00472950751289833,-602.676439699023
29,0.0328181639425464,0.0197837131455826,0.0462221075519336,0.00121450859809782,0.0443167332602978,0.00160859746748098,0.00131429633288394,0.0994129875019338,0.0128703639267317,0.00501354714911897,-601.284374136365
30,0.0282136558220474,0.0264892373299865,0.015014734738339,0.00119289488488414,0.041850492478249,0.000367808698730755,0.00149225358269921,0.108242495277973,0.0202470699913326,8.26661159927895e-05,-600.166166601072
31,0.0278517024463109,0.0204064485486992,0.0386828676810859,0.00483918408824301,0.0470999129401843,0.000889740298983535,0.00125133780083298,0.144427164694061,0.017624702928929,0.000752714808742109,-599.726568202984
32,0.0302337601806418,0.0202970463276601,0.0360936205385977,0.0099409045722714,0.0443695024573216,0.00261545395361286,7.53732286800802e-05,0.101615747828163,0.021082173978658,0.00065252333522572,-600.356712692507
33,0.0273564470630554,0.0150559641027437,0.0144247138873357,0.00877380439907169,0.0436160390038205,0.00832981213455074,4.92471150791533e-05,0.112084139863624,0.0179536273837485,0.00314069582883402,-601.011739393547
34,0.0260270333977285,0.0265976616181864,0.0274993325139699,0.00837461250898818,0.0438860193176749,0.0131700530581419,0.000213257345326819,0.149015454896524,0.013024088571236,0.00303945682679162,-603.215861900149
35,0.0257288972674368,0.0164019143986236,0.0246556641941735,0.0130148912053574,0.0426886629601495,0.00509057183117408,0.000510068293943184,0.11172095960683,0.0143687578456995,0.00284765959255839,-601.076021930772
36,0.0458731537314431,0.0170101126229119,0.00562518626228589,0.012111814661028,0.0488324607003323,0.0130593160278597,0.000605370902339836,0.10761513936283,0.0211710848245254,0.00486694909963722,-605.037557373502
37,0.0450895648074779,0.0230076786266515,0.0104055328046095,0.0159746943830717,0.03488988137582,0.00172531932716173,8.09431748887781e-06,0.0861098994924982,0.022667982436941,0.000797479660579384,-604.635675285794
38,0.0266752040451955,0.0124821995270487,0.00624364913573996,0.00414565163529844,0.0395163810664025,9.79301725316046e-05,3.31272775570945e-05,0.107891799367489,0.0179980465479162,0.00113537477017034,-599.812037511167
39,0.0494071151707715,0.0120965454492918,0.00592308461277586,0.00849203369495578,0.0413005831960589,0.0112402204375789,7.19585239288432e-05,0.151802484582249,0.014528880588615,0.0107243676671484,-603.996373057404
40,0.0291982450439399,0.0192562807695726,0.0261595500815754,0.00245329156929249,0.0420405223863229,0.0107539180730449,7.82495591737409e-05,0.158923805708817,0.0148927531742511,0.00639347119316407,-601.744571617719
41,0.0303448449359671,0.025550407901761,0.011319224158281,0.00245781406467042,0.0467629730368615,0.00839079966810588,0.000523883478501536,0.159480945577366,0.0128376513227807,0.0103901559917831,-603.473756677377
42,0.0294362866752213,0.0303507954970543,0.0113971939490109,0.00598458809587174,0.0387587257245855,0.00382783361420576,0.00190399501497872,0.146043170534288,0.0152214491227419,0.00317554385574652,-603.48528720429
43,0.0494248952756289,0.0297310803490955,0.0200870110098675,0.0136003249076447,0.057706637742762,0.00162111278071754,0.00440310284943264,0.153036441574071,0.0124750190017819,0.00109984995891297,-608.91271923883
44,0.0401468280217041,0.0164523452656453,0.00715120704147741,0.00429865801139327,0.0588087619061614,0.00164484547745501,0.00536093993003506,0.1311111838151,0.0189128305341656,0.000962140523554653,-605.887960678618
45,0.0418649947579128,0.0171575838713949,0.0429942122157737,0.00318504634295026,0.036575467568222,0.00101688692627766,0.000755996006116724,0.121171672632517,0.0198940824691113,0.00117459548374766,-602.188449413211
46,0.0265150569512602,0.0344582895972792,0.045424248169015,0.00908466594408858,0.04134539626273,0.00363675314078013,0.000400970362225343,0.165219175524092,0.0193899705318635,0.00366479307629919,-604.582075931251
47,0.0217485882281899,0.0210119335268984,0.0238426678134928,0.0081923657370498,0.0429773047714311,0.00396865850044308,0.000184672652950186,0.164021553505309,0.00858342672731449,0.00045116902903921,-603.798314742656
48,0.036162614179959,0.0209220738635119,0.0246569705433375,0.0152605341573597,0.0438060109170911,0.00616719750268553,3.491422252948e-05,0.22343437332816,0.0101176184922384,0.00513608286087012,-606.865325009686
49,0.0325185071858707,0.0284359404655573,0.0105384929409785,0.0127236481052524,0.0420102299945497,0.00359121207371815,0.00189223339156859,0.211188377706186,0.0162701490657657,0.00552301088499682,-607.339966018171
50,0.0293445908025768,0.0276423644334597,0.010587410549106,0.00912594328162103,0.0368035235682945,0.000521218703381836,0.00181854871691705,0.207322870453835,0.0135337306760967,0.00137584417684458,-605.989703301077
51,0.0386085191387745,0.00710458189406227,0.0137552304557731,0.0256176956582957,0.0488576725475843,0.000426716258101433,0.0038706740793915,0.141126234791412,0.0202782367781495,0.0019194354598039,-605.778898488299
52,0.0336338376702817,0.0127224669641802,0.0370277492008575,0.0179793437295115,0.0475838863455296,0.000339896137424272,0.00488262378510009,0.101089507466167,0.0158441325950795,0.00612841155806974,-606.054000212222
53,0.0288297742705395,0.0205458211789324,0.0233146951991084,0.00277916204307608,0.0297305959718892,0.00111913199787646,0.00269145972976022,0.173530376570764,0.0128333645371818,0.0255489364392853,-609.561182047852
54,0.0383937036103058,0.0149030893196896,0.0149104602490048,0.00083844531138511,0.0334380062066475,0.00150433506065865,0.00152943160553473,0.063298461798732,0.0132238688788979,0.0132153943306876,-601.713478000842
55,0.0317522717705555,0.0127503304978566,0.0238373311272319,0.0143464388874461,0.0404979476138252,0.0123942281649353,0.00142150530870109,0.0903449996412261,0.015094274923709,0.0248933576504459,-605.364766621255
56,0.026555829207797,0.0298101577265353,0.0100611771146224,0.0351547495032612,0.0351213659406161,0.0105964922328627,0.00114728872432497,0.0749975049277919,0.0111743211318744,0.0250144002989408,-607.413941364967
57,0.016052195475852,0.0355815897674254,0.010756414931582,0.0240627979462994,0.0393795255833107,0.00379501393760205,0.000898081525055436,0.0901459853055888,0.012200203383884,0.0216771072816073,-606.266427197524
58,0.0147176097495485,0.0364807492290951,0.042739611581241,0.00826672352161262,0.0284204460551784,0.0114091076033596,0.000545940943877332,0.0275211696492073,0.0115140370571447,0.0146766602297366,-605.892257763406
59,0.0177812340418962,0.0419717917249033,0.00707122451376292,0.0282006467448569,0.0469827377226463,0.00616789886268194,6.97022744208877e-05,0.0280589587680856,0.00971116467309199,0.00978452191328556,-603.981566963421
60,0.0237966935192952,0.030960921744314,0.00536810655180105,0.026608404491926,0.0472130965988634,0.00489316780664909,2.80123888267704e-05,0.0203862457739219,0.0112914007008494,0.0242631175288544,-604.029112724858
61,0.0186738708303999,0.0149001991870336,0.000354158854594366,0.0335405704082741,0.0455873744011034,0.00352329999651333,0.000139159717033814,0.0199787779295275,0.0104043099346319,0.0199326480340212,-603.924510869137
62,0.0339672130307214,0.0137913734105225,0.00348637906661837,0.00588610098921742,0.0312753232260907,0.00397192297786189,0.000159412100874061,0.0392719361788799,0.0118656402142107,0.0225768940567086,-599.240862730871
63,0.0298042295863387,0.0193433906220093,0.00779610141803077,0.0064116893479992,0.0428103362270712,0.019706904424675,5.63942004380746e-05,0.0106286992504846,0.0132082684063257,0.0505301426752919,-600.127525424827
64,0.0421359925770424,0.0128890022820303,0.00161983256922272,0.00780281784570191,0.0312481240356171,0.00646072565084742,0.00032424082972621,0.00781632747438106,0.0144381694901825,0.0480431225515579,-600.561810119006
65,0.0262608477902684,0.0173599913734059,5.71152047645997e-05,0.0146085528961893,0.0383422981708134,0.00352919363714625,0.000481095719892144,0.0403684951962391,0.0148620329874148,0.000359022131969462,-598.495751618372
66,0.0342469521384803,0.0200533121327157,0.0167652431551495,0.0012692266215431,0.0356258426714815,0.00286993948284279,9.97033797090746e-05,0.0169898643877849,0.0156138369802585,0.00110686570340867,-596.850509993215
67,0.0275884705581201,0.0210402891055826,0.01439898300467,0.00135561027940719,0.0417575436407114,0.001974922102058,3.67048971031061e-05,0.00566912031522555,0.00814105887160749,0.0447055033537421,-600.390062529565
68,0.0277955561263948,0.0171722856137015,0.0021429730696231,0.000801231218604514,0.0375186655484901,0.0137828991199903,4.25468637082617e-06,0.0230922284015574,0.015131234932717,0.125261471672753,-603.351613754284
69,0.0369632577265644,0.00774788731116748,0.00754501748052787,0.00183459885390474,0.029242178364008,0.0113290347531233,0.000594212195016107,0.100772197260417,0.0132002722424668,0.0835281629098388,-609.913295494849
70,0.0308999217629258,0.0130213843075913,0.0272225933418119,0.0194758282356088,0.0471480376205949,0.00142508871765586,0.00010498677050063,0.0348385213637854,0.0111515067092557,0.0208303467394102,-602.151056110362
71,0.0334318092031735,0.0297214043280895,0.0214164166345335,0.0465087866321496,0.0301721713400336,0.00178480906811152,0.000721986063696909,0.016604224938063,0.0123887902043096,0.0591053883219596,-607.413028035261
72,0.0371067249088603,0.0258479790692528,0.0117358870394768,0.0449588909941032,0.0397306437746749,0.00509490461706782,0.000529675754759949,0.0172915974199837,0.011813414133573,0.0559360388672262,-604.138839428956
73,0.0314440497237915,0.0196119304107767,0.0133677316750804,0.0114588357848347,0.0393474916982442,0.000930451784053023,0.000185376464329995,0.0153286844042627,0.0202712202870435,0.0316804662244185,-600.628480690542
74,0.0283791775664289,0.0105750572490524,0.00673663884143953,0.00720120126440988,0.0355977770255227,0.00790807403364668,8.05036459963289e-05,0.0138916336924313,0.0206527882176845,0.0470206256939244,-601.529336594867
75,0.0344522093313523,0.0191755707508395,0.00333200078328666,0.0198213480841731,0.0381939572195476,0.0190928683652935,0.000869011688884224,0.0418609429450573,0.020477420483614,0.0482563369055494,-605.078892814025
76,0.035155563164038,0.0193484560531907,0.00507497254854988,0.0223235412609466,0.0472995774513875,0.0234788397293694,0.00104586480888369,0.0103014472845211,0.0197578624039376,0.00699912440019045,-604.445970478992
77,0.0308578855691504,0.0145763394233557,0.00567235054397633,0.0215312737380747,0.0372669152941932,0.00605745871395802,0.0013316307563983,0.00215368540504449,0.0107409561346288,0.0123825984171795,-599.510356879305
78,0.0352210351370045,0.0141280995598757,0.0135645238759431,0.00834041011105737,0.0398887836185699,0.00730322968749372,0.00125277069723206,0.0256989283477514,0.0145535392521052,0.0366552063238688,-601.502040532664
79,0.0307057477868461,0.0153310893748338,0.020619914558665,0.0168218223265033,0.0418110021836894,0.00875570863486932,0.000349987313347236,0.0316211386592168,0.0147605263395535,0.0256882049126412,-600.758060633246
80,0.0393950029470624,0.0143248770825169,0.0083678891030821,0.0157680557237182,0.0313536692181227,0.0133039670459146,0.000433152518161658,0.0126271671897418,0.00939207994718634,0.0125095980777491,-600.211757449758
81,0.0315952111598683,0.0121406505679817,0.0174961421005407,0.0153222898746278,0.0372386317304986,0.0126908500033839,6.13095977670701e-05,0.00264306358530358,0.00815329591173266,0.0260061325384607,-600.066948476592
82,0.0303120587624603,0.0218725972248819,0.0293657509173919,0.0150408728827386,0.0401026174494346,0.0143499454989216,0.00167190055831736,0.00141532237124743,0.0116071914266634,0.00880644335345519,-601.974158174132
83,0.0285854465968345,0.0185931364727469,0.0598574259281062,0.0145454599392092,0.0428253631918436,0.00947695646659094,0.00124908756029521,0.0199322390426635,0.0135486583950717,0.00663548486898786,-603.188143919648
84,0.0244637989317353,0.0194609310242859,0.0486436377900268,0.00468453294192442,0.0301016170848323,0.00198527037888064,0.000301681658284088,0.00475742208020441,0.0134677827161802,0.000427070814689665,-600.351394099461
85,0.0321985889429906,0.0157656279375147,0.0444038376938179,0.00174596340869334,0.029827624763989,0.00579971992560386,0.000366242577176026,0.00453949885710198,0.00806628563703292,0.0126824271031039,-601.771751480729
86,0.0376456378486927,0.0173229027333954,0.0256626881532225,0.00628509314008546,0.0486108033490155,0.0106170630861742,0.000144486157464915,0.0304243561065362,0.0124992585700551,0.0268945796130846,-602.650094910116
87,0.0356299943738989,0.0220870555731649,0.0363085129803872,0.0157662334139035,0.0363123286870721,0.0168407163253209,9.33194571936015e-05,0.0301268462641578,0.011526428757285,0.0100950127545032,-600.784565840357
88,0.0540591173321043,0.0139850224332855,0.039263004733237,0.00043995463232154,0.0372345091775322,0.0359944634728872,0.000237688728277586,0.00165113703003806,0.01760338986553,0.0119901244994075,-605.57724507816
89,0.0508815940362469,0.0178076999880232,0.0692572064635174,0.0164897068864317,0.0394968227057512,0.111818940883515,0.000592118604815557,0.0105915722374404,0.0188354444375314,0.0226029796696104,-613.450694628283
90,0.0220955193684687,0.0156946025157863,0.0306949003823013,0.0189018573187864,0.040639974801014,0.0861356936022057,0.000615185782124902,0.0194167883640326,0.0117214960969983,0.0208867141888279,-606.867553497233
91,0.030068804471007,0.0132775575075303,0.0329342687257723,0.0247183545208776,0.0340093084990991,0.0345918708232971,0.000167386689218612,0.00584238874028923,0.0153874820802279,0.0191707330199338,-601.211023585572
92,0.0364781023594488,0.0191604293032103,0.0376744662905226,0.0351148455156571,0.0328381033958357,0.00439888271643015,0.000447707144771016,0.00487372197790434,0.0159336790862385,0.0151721953223858,-601.268475757838
93,0.0399258425409656,0.0194292533841037,0.0141546905964807,0.0275667616365364,0.0337296197964543,0.017458064147816,0.00026085039722885,0.00928866944470191,0.0161173401611963,0.0123969928166643,-600.363910013655
94,0.0207407929793588,0.0178454305520142,0.0139378178596268,0.0766726052598184,0.0295312038674058,0.0129573766836424,2.72733011160125e-05,0.00352698716437397,0.0196340575339423,0.00955665126931186,-604.956697259319
95,0.0443149149040912,0.0207031782227512,0.0216906138682024,0.0290646503238565,0.0299143178324621,0.00723813847123678,0.00106029927650472,0.00103574969819336,0.0145807209485705,0.0121953926818721,-603.231046313527
96,0.0328390672629674,0.0182581816471292,0.00661718636144417,0.0518506007386237,0.0432088153514866,0.00795029005746875,0.000324246802012008,0.0126510717492777,0.0106506142053068,0.0292283196799472,-601.474081828285
97,0.0421539421791988,0.0219254689470433,0.00595765938354019,0.0463701840573512,0.0436943276510971,0.00790838819847932,0.000291580505658911,0.00924956459001298,0.0128459034791304,0.0512431408069301,-603.621378746131
98,0.0367412748723075,0.00902073645954835,0.00416385174541621,0.0602301921962485,0.0356456638256842,0.00368495415089153,0.000598070791881371,0.00804006397174925,0.0126755667483916,0.032497657947711,-602.60193660723
99,0.0394604722152848,0.00923422566495668,0.0175910929293643,0.0219931189027888,0.0409850571157657,0.00938217745757564,0.000756565248940059,0.0115932958637319,0.0110806825522908,0.0095385627394748,-601.585056217408
100,0.0307404991719491,0.0227018103197507,0.0552313710755045,0.0139489364965702,0.0454743609608336,0.0275427160491726,0.000254549772442094,0.0240038168624095,0.0167959983355981,0.00695888873299057,-604.359480148124
101,0.0190173386115307,0.0172203532157544,0.0323851523957571,0.0172758743261939,0.0372610643206216,0.0150900987959253,0.000111884643558694,0.0232595253142242,0.0131707875735655,0.00232741379728449,-601.999729207009
102,0.0479288155292304,0.0151004495863136,0.0309217805012866,0.052193978656573,0.0375370014059608,0.0419518124685787,0.000658534431946634,0.0337248693125183,0.00944701745154347,0.000755592574606772,-606.640616551376
103,0.0510133726205831,0.0206916380329023,0.0204117506228209,0.046599848359952,0.0395449250055431,0.00322011055197884,0.000427371739363188,0.0281537769975953,0.0203617954014214,0.0238176157237473,-608.150462458967
104,0.0273662444932878,0.012638802457109,0.016810331653008,0.061063054729851,0.0333087440566089,0.0429983886259824,0.000647725801141575,0.00373236224921976,0.0115091714709174,0.0123844762273808,-604.022317053727
105,0.024776799540613,0.0132198632363734,0.0302863898913498,0.0102785341591084,0.0368697654166125,0.0352961292945592,0.000233527569582053,0.00846437349485481,0.0187420382128228,0.00269170130409864,-601.202476351716
106,0.0380982610513106,0.0137987761349473,0.00687017448352237,0.0048474308415292,0.0342068924899602,0.0426331656268796,0.000214419788230994,0.0311449538136473,0.0228279570032651,0.00098784647035204,-603.11357662908
107,0.022929340761075,0.0143390816511218,0.00978546013606365,0.019720335795022,0.043014665372823,0.0207592467254703,0.00116275441443831,0.0203343391247217,0.0201645498569135,0.0221142666437296,-604.960117967122
108,0.029502262030689,0.019870653545674,0.0015131854844368,0.00588795531052831,0.0322479992234293,0.0120289577499601,0.000863245254573521,0.00874934232065337,0.0179118422261161,0.0154005189258326,-599.732697356968
109,0.0308176021530331,0.0217135854578387,0.00319168412466266,0.0165792224131901,0.0341137201549172,0.0368662326201264,0.00150286054979237,0.0454715688557,0.0155410989239912,0.0217077611276611,-604.118482296655
110,0.029006873436748,0.0152782552197625,0.00791301893829815,0.0206923076659656,0.0346516735625621,0.0257349462962371,0.00124283240288705,0.00154131303131547,0.0175895887159529,0.00245894337996215,-600.602878614166
111,0.0288508526885532,0.0169077316894061,0.027035054316841,0.014925947374663,0.0370895255919476,0.0149040131934061,0.00116113960216995,0.00304003865294942,0.00931967604298388,0.00356411751620493,-600.788613929731
112,0.0317080783016817,0.0117234394125308,0.0170029483613226,0.0515371759385496,0.0397242513887373,0.0368714313190516,0.00054735027708691,0.00392052330125161,0.0155615295492072,0.0136557403424594,-602.556138411873
113,0.0461632009414681,0.0202106015751797,0.00423737659996959,0.0277087304562013,0.0434539978978131,0.0367533823667644,0.000833149439929839,0.00105279692902572,0.00895362136291684,0.0111415869918572,-603.620963762305
114,0.034940044768593,0.0124637247769411,0.0533719950896726,0.00533601085159835,0.0425028919684908,0.0442571872713799,0.000379543642794114,0.0037105059149983,0.00971420823838625,0.00996608434790439,-602.519140517164
115,0.0333064356519729,0.0109537230144856,0.0386677601690818,0.0053359446049229,0.0313009287585786,0.00394005091052985,0.00019109603178395,0.0154153779293255,0.0163027508472285,0.0303810182440889,-601.144333197476
116,0.0293037317175977,0.0123990421177543,0.04503144436494,0.0191286938179156,0.0361985644240579,0.00427302271735891,0.000494834252662926,0.00557074325622674,0.0126416708912885,0.0192600330441494,-600.403319055688
117,0.0286382837456431,0.0252369227089417,0.0064394468233448,0.00407508216520187,0.039531682801409,0.00565063289699622,0.000148370386704999,0.00833621893675657,0.0182915145387501,0.0126642194961239,-598.895844728833
118,0.0386610508231493,0.0277338151901492,0.00892259824074597,0.000104589393161746,0.0371792080119016,0.0320799273794512,5.64842710769442e-05,0.00864849683515014,0.0186438805997529,0.0206936721837108,-601.836300826633
119,0.026704249177613,0.019778282799991,0.0165912709596738,0.00616618076368842,0.0382857512835207,0.0167169690006988,0.000240567857766205,0.00421545901716999,0.0186138384921455,0.0206345596487399,-599.638825820575
120,0.0278558966620381,0.0175820747213329,0.0344594719731875,0.0031952657141493,0.0383837480163177,0.0181018511031785,0.0001411222978005,0.00598720256759569,0.0134674572787338,0.0429946620781029,-600.195601177801
121,0.0280881173174086,0.0188240098057538,0.0145169094341537,0.00263750692609146,0.041074418762299,0.0457285472858997,0.000163222702062596,0.00224934071463201,0.0122597898976466,0.0191853085282105,-599.52322492139
122,0.03112289272244,0.025524838058583,0.00978391513194688,0.0157277433103696,0.0336873449310929,0.0162268646262555,0.000325259951810768,0.0107466066144234,0.0142606604298812,0.00467405432092894,-599.455699566537
123,0.0224458928731882,0.0170101878600547,0.0113524025216157,0.0176771658081165,0.0374321788954643,0.0117768248006792,0.000356473698075094,0.00467034416993157,0.0127130780682072,0.00821795656900241,-599.102785710042
124,0.0333373936264494,0.015048689002126,0.00739474146301867,0.0232786853284519,0.0393874536531518,0.038671261763415,0.000975223323612376,0.00494170486255919,0.0121526828884822,0.00253098229330881,-600.081116782649
125,0.029059300649976,0.0162841261051629,0.0189090737849231,0.0161137832110326,0.0386438821978694,0.0187019607791849,0.000759947173992074,0.00156735919405823,0.0119423111962247,0.0423731140718951,-600.993147022245
126,0.030952082622728,0.0149272530974749,0.0268191251153398,0.0565873335883105,0.0390769891603834,0.00836147725447099,0.000553277681889571,0.00758478877906468,0.01641690192458,0.0726968855722585,-604.982401497987
127,0.0368271820269237,0.0124908465141956,0.0142406546184739,0.0184623637425522,0.0386787606215989,3.2331420585608e-06,0.000439641209124949,0.0051534145070858,0.00939852093689428,0.0275876353738,-599.49295686102
128,0.0379908482449879,0.027241986594719,0.0286490875476284,0.00299921110447243,0.0361452708375731,0.021217092065604,3.63307182825119e-05,0.0589500888843525,0.0117320477213408,0.0219045469221766,-603.485047409508
129,0.0461630289870366,0.0115132952842325,0.0159551076058692,0.0122520177935512,0.0306148590251483,0.0315323629151441,8.67034897815389e-05,0.00950593772638577,0.010855673925553,0.0282297317566789,-603.121096435053
130,0.0366213826324515,0.00669419340829525,0.0336982032128417,0.024919499312232,0.0437070121202469,0.0465198526152734,0.000434682392749216,0.0148477648061517,0.019682945601118,0.00706031139947017,-608.151998678696
131,0.0236938800729665,0.034011139120134,0.0194034668546654,0.0203598153271553,0.0339295484433947,0.0380949590630729,0.000119142971310621,0.0328077325446699,0.00713322829852419,0.00540406753240039,-605.671221665538
132,0.0252639888443894,0.0257857691481281,0.00110438975919721,0.020996855949951,0.0333506572982653,0.0222521909298915,0.000319064696657782,0.0103155794516224,0.0205474666534357,0.0149358589065872,-602.333839476419
133,0.0282832082093294,0.0164957736758756,0.0100695686863247,0.0539063231470672,0.0411240230809724,0.0186833483235276,0.000102499117087163,0.0137489788196326,0.0120245496315658,0.0186911141801226,-600.953874739068
134,0.0277767481193966,0.023144922353062,0.0114711614353773,0.0464248940560491,0.0391592756785474,0.0413226281695873,0.000767375924854867,0.00572744171828744,0.0142992261561577,0.0232370438724007,-603.67028698113
135,0.0519157716420176,0.0122828346985925,0.0207325381456047,0.0074281034772212,0.0372631925241352,0.0241800300972081,0.00135053113922201,0.0132919879079281,0.0137996981657605,0.0142247147248995,-605.334025986404
136,0.0461373585305905,0.0182451818031547,0.0145038450971287,0.0303924866356946,0.0287681075327987,0.0279536895199371,0.00198038170237122,0.009917829442214,0.0157084513129747,0.0120089394239808,-607.120916747562
137,0.0251709197958352,0.0206005330156531,0.00615414354115,0.00654458082819845,0.0300837927496815,0.0434300642570071,0.00168021724524809,0.0225568402474801,0.0150017353139945,0.0106951054867885,-604.386118099336
138,0.0396171785782861,0.014640872846734,0.00253981527471752,0.00591536794533008,0.0345508754787065,0.0252504182361861,0.000865387274610844,0.0214627750159325,0.0158899434831865,0.00619178739332459,-599.8839752719
139,0.0380517735145331,0.0156165331855755,0.00502415245635191,0.00637147450499028,0.0385691614613074,0.0209378708381208,3.43716613875247e-05,0.00999310023945026,0.00903782684685429,0.00693491767486101,-597.705499723232
140,0.0320798692192198,0.0174224526814044,0.00159415031608292,0.00658127817399649,0.0453962142272144,0.0127253655786243,0.000143266982968559,0.0191135324782681,0.0197634885902602,0.0268596298888399,-601.359812728793
141,0.0173147483297726,0.0183611361044677,0.00251943188654083,0.00556300696599466,0.0392531763054389,0.00160047469434125,0.000121195080905341,0.0540896730748412,0.0126002608717868,0.00448763314701747,-601.818284743811
142,0.0428964292455482,0.0201167477416463,0.00214377418700731,0.028904521287251,0.0345148321989549,0.00218686459291788,0.000786978184346353,0.0443291878105736,0.0108444703666576,0.00901795903510141,-601.438463123527
143,0.0408377544584114,0.0190483728574472,0.0133502468543231,0.0143978241246793,0.0365709122379706,0.00294081595742254,0.000307222345538852,0.0266494931710933,0.00881138870278593,0.00740329864379837,-599.605211801176
144,0.0265578549149521,0.0227002418637454,0.00260320001199029,0.0225888983519112,0.0328255555668438,0.0113940344948003,0.000631037259337696,0.047030501262164,0.0196657927560304,0.00561116326602501,-602.684777594762
145,0.0295709217789134,0.0156354556202325,0.0386776551691708,0.0216273122038796,0.0453837773427359,0.00324688750929851,0.00113081355546682,0.181566379083866,0.0101873629790201,0.00276664380679472,-604.673957392749
146,0.0323639773704552,0.0157319928276632,0.0214528728872613,0.029761185987686,0.0447082273390377,0.000640514494550196,0.000950003617675244,0.0920352646489605,0.0113809978842393,0.00971462111012583,-604.619562086508
147,0.0285073720569762,0.0170249465031036,0.0232984720883508,0.00630307861066091,0.039342790793009,0.0297672327763979,0.000719104324242397,0.0231841460994864,0.0121228847070161,0.0252657449523471,-601.401159496131
148,0.0366512355781778,0.0123890341022161,0.0203893321512097,0.00060187367047993,0.0375753386475397,0.0176196203484661,0.000420965826487839,0.00415546336516283,0.0128682179112985,0.0413014749807972,-599.69712479846
149,0.0349831014076814,0.0202783187969412,0.0194213602622635,0.0106652639010979,0.040444407823497,0.0292290068028382,0.000137475524148122,0.0124879546135507,0.0160442693899053,0.00521875259251974,-599.528012868261
150,0.0209179529832537,0.0164162471226623,0.0247120677861506,0.019462790190078,0.0326473259975822,0.0203253033607483,0.000545655087197858,0.0374678796821427,0.0160886037798531,0.00719098294457677,-603.55951710472
151,0.023242733906926,0.0207518392098657,0.0548964470249766,0.0224197807070617,0.0325374566099715,0.0150016217633648,0.000340596430308564,0.0301558406678338,0.013323850030081,0.0125555551430917,-604.027125552329
152,0.0461974979407762,0.0134469037959239,0.0173424961660794,0.0223794186086863,0.0352780738494554,0.0250844561633693,0.000267007648237085,0.0136164526745831,0.010719255326812,0.00749570694168579,-601.386923354808
153,0.0394406787370033,0.0131700656696201,0.00554650161560572,0.00560149487898175,0.0409277204718693,0.0166821112528776,0.000164375624678074,0.00542287265775013,0.0161590191665397,0.0120048516121506,-598.366848545131
154,0.023122128831584,0.0111484001162352,0.0145107113738892,0.0032409387992312,0.0325777304837158,0.00191519978491771,0.000101595246822198,0.00369656600439211,0.0156607174713403,0.0224467531974872,-599.526148254212
155,0.0385225035252476,0.0220616612169137,0.00193860964770459,0.00499759079083629,0.0377528774966221,0.00121416543920446,0.000165792846300633,0.0182216921029163,0.0185610879169587,0.117349169498908,-604.63688938049
156,0.0322015360533097,0.0199324250847452,0.00183899799927922,0.00196479960731876,0.0417034716357097,0.00387268141186269,0.000317043797910523,0.00981481969881611,0.0150641621095331,0.0466149944089428,-598.966361455673
157,0.0328711405633779,0.0221449254563418,0.00223495077798414,0.00354761892735841,0.0355633270168575,0.000759208647065728,0.00104387635208811,0.000203181577461265,0.011318777310552,0.00360263843306539,-597.395917197733
158,0.0381065893402753,0.0155216346752917,0.00223818129149545,0.0110147938492235,0.0323411418286639,0.00322373475447596,0.00159735082679004,0.0217577055628276,0.0164332519316026,0.000356245532215322,-600.184801987527
159,0.0395797130962949,0.0160724594513995,0.00663854076358898,0.00308334355193973,0.0402127647055834,0.0370507500718649,0.000660141831405267,0.0039180022035188,0.0108897981088022,0.00903602713432051,-599.286034416653
160,0.0309386886691012,0.0156666342635302,0.0196531992356292,0.000529971164538832,0.0427736959392531,0.0457377113404362,0.000244330749677193,0.0262796597336126,0.013613116360946,0.00580368485751846,-600.347493229918
161,0.03188879202514,0.0243310872104485,0.0143164349633497,0.00331868541469874,0.0334273321781643,0.0239075695569603,0.00156414950637547,0.0336834848550033,0.00779386584710308,0.0143611851884373,-604.768022476163
162,0.0470120845349952,0.0155385875424089,0.0119027918484033,0.0152274640017737,0.0354054587240353,0.0125729427994771,0.000875275955354556,0.0464260246508314,0.0177344685884833,0.00906595057031919,-603.957414005227
163,0.0570780518633403,0.00705609756009543,0.0104939644775073,0.0153561415249376,0.0559931489756176,0.0129880619925488,0.000979634278294516,0.110064684722457,0.00901598915037233,0.00247576215373527,-612.142140036186
164,0.0550130018691247,0.0141368992574082,0.0155978831276765,0.00838318922654224,0.0440563124277053,0.0141461364529991,0.000552247690591651,0.13274502433142,0.0211787106577203,2.06301668913779e-06,-606.235710030995
165,0.0356579039609543,0.0169206305502179,0.0102903622820641,0.0102981220840228,0.0463366429344054,0.000962547417609591,0.000988319566870503,0.109641981161192,0.0227879014070748,0.00096711246298613,-600.86145315287
166,0.0386526030096607,0.0145752517425513,0.029739488579516,0.0117451616007514,0.0451579150076335,0.00248638975293188,0.00516849452144207,0.149208186134661,0.0147304219442801,0.0024704015523719,-604.352117821769
167,0.0389909095254018,0.0165477488545147,0.0151516924137925,0.0132316934560593,0.0415642341609274,0.00239278885144816,0.00140064679091349,0.120004573036756,0.0145426161679625,0.00329389062972249,-600.626776054878
168,0.0392561545094931,0.0241218205538645,0.00492895245393862,0.00590691936486613,0.0504465194623338,0.00390430145493573,0.00126407847065142,0.120740152429613,0.0145399180037359,0.00458044473225798,-601.576791388341
169,0.0505760926280864,0.0117684349280387,0.00255128640474374,0.013397076708559,0.0437464619138459,0.0101159639435101,3.61738977689941e-05,0.107272595621455,0.014773760805738,0.0045699808390509,-602.675769103646
170,0.0296307011152387,0.0128921593744779,0.0132241435504433,0.00885478375855551,0.0415269462762869,0.00623437008854287,0.00014099294600611,0.0143877076451601,0.0168117224117681,0.00407679019588657,-598.025829238456
171,0.0346591211230386,0.010726131577835,0.00982220938529972,0.0124240628669412,0.0295851899214937,0.00328552432661496,0.000392195329980009,0.0563736220570204,0.0190106272443304,0.00811164789549338,-602.75861318351
172,0.0339477997183793,0.0149297967508512,0.00567758982403194,0.0187655124885265,0.0296953525261191,0.0170725830195632,0.000215774727128044,0.000255719416982992,0.0140254972817267,0.00632607623774653,-598.399681406846
173,0.0350098159484603,0.0224148556356067,0.00109877715605672,0.0375656153503024,0.0295785703487468,0.0175349997350551,0.000659079682227329,0.00829349365291596,0.0136203637277024,0.00430093392570959,-601.323028270962
174,0.030608368612698,0.0180048205127645,0.0056242217388333,0.0219824776922848,0.0412858925913987,0.0158187013972275,0.00084276179297876,0.0540747895444108,0.0125444724598169,0.00682757742234967,-601.252190180136
175,0.0231451826371647,0.018661024373654,0.00263338229311446,0.0180132019742136,0.032922294344806,0.00511630695726467,0.000190108107486317,0.0563844778890946,0.0105150920606293,0.0209817501355133,-602.355961908387
176,0.0310215609982981,0.0131940207713651,0.0043085331047949,0.0183678593556575,0.0438476486767918,0.0216660462677419,0.000692195501171184,0.0246396322018053,0.00959120299263554,0.0141120867154131,-601.445693570344
177,0.030024792623264,0.0121033033448904,0.000949749501353051,0.00514548924257532,0.0440034227146064,0.0411414659271286,0.000519093416751871,0.0329671483390803,0.0099986519485048,0.022923862672574,-602.387973380333
178,0.0262449570033668,0.0229429931816918,0.00617074324353266,0.00640169504408855,0.0389539691919598,0.0388436517535901,0.00105146431138933,0.0349676786865045,0.0118608838229569,0.0214520936277168,-602.95281786511
179,0.0389399556517364,0.0258116140135974,0.00529679159776694,0.000285505897136063,0.0400365264494262,0.0189629595050285,0.00137117576442469,0.029420009809619,0.0115022148535699,0.00675670678403388,-601.624157775016
180,0.0150254372027301,0.0409739726789586,0.0126796056673279,0.00524482877283924,0.0372810746942881,0.0215107276128815,0.000965433849086692,0.0173366430090822,0.0118188665541522,0.0087679729636361,-602.66027537071
181,0.0143517258528546,0.0390937053032267,0.0263732488581663,0.00704718946339238,0.0359478428046587,0.0185181799765975,0.000804191314192523,0.00946836139684457,0.0181859563827311,0.00919820307989619,-603.415830890441
182,0.0183621333657567,0.042315021511815,0.0473526137310185,0.0344796464642424,0.0330154052516183,0.0267583702190904,0.000384966366660626,0.00259639448447655,0.0110691194917283,0.0240143230968927,-606.013356059402
183,0.0191752673083457,0.0178310068467738,0.064985998977087,0.0948459696895512,0.039233701091436,0.00315101774009161,0.000640638531847837,0.0241548170990293,0.0126899872605419,0.00696166693603332,-608.677616859136
184,0.0267799847263215,0.0180163208711542,0.017287488005334,0.0623293213456112,0.035393762656918,0.0220158514517033,0.000227235802272332,0.00999328270080259,0.0156288263338573,0.00968380631355865,-601.718110364988
185,0.0264111242977157,0.0119433259120817,0.0424084714167303,0.0388887676543999,0.0354110464108253,0.00825801804263124,0.000213085786717199,0.0235093547332331,0.0131425471111141,0.00606675487109243,-601.880322131789
186,0.0285124029796912,0.0118328280412564,0.00166841037418137,0.0342295258635583,0.0436112057371216,0.00960536655825684,0.000311104936301264,0.0247661472944498,0.0175578144877101,0.0112265270095556,-601.318271119294
187,0.0313286884591999,0.0186523832314639,0.00437586846196841,0.00160226397673274,0.0449744295017485,0.0134214528373292,0.000531222750015311,0.0182486860945308,0.0174046653934767,0.013685481326196,-600.082002884363
188,0.0310983606396366,0.0122961413280406,0.00260815296622026,0.00773977480731201,0.0445594680278989,0.016202038731884,0.000985835988642199,0.000300977654198704,0.0145646606752592,0.0229231988275174,-600.283438765605
189,0.0308187990125537,0.0172498646227584,0.000245094986974558,0.00395993872516018,0.0452255640933856,0.00970379635680598,1.07464416594237e-06,0.00476052600221822,0.0131701351414405,0.0173704842824479,-597.230509381338
190,0.0316771937678375,0.0191708978566956,0.00783084424434038,0.00568089814631692,0.0425928816122605,0.0216926068552705,3.06789685137032e-05,0.00655015526333662,0.0119115909443081,0.00622562172103953,-597.352223927819
191,0.0221180300920326,0.0156930824162143,0.00156438628097983,0.00500486900282191,0.0405593711925064,0.0153435527664559,0.00103453608719782,0.0138575511801507,0.0148710682614059,0.00036850921665225,-599.776480448098
192,0.0305350020891011,0.0179615169656012,0.0022690009180055,0.000510874308611314,0.0350889687355802,0.00853150717019536,0.000501966283097102,0.00932676994275376,0.0160648089051306,0.00063814031404717,-596.516061701991
193,0.0384468232484285,0.0196441815277091,0.00676874913429058,3.84298549650404e-05,0.0381675239682196,0.00813280975908707,0.000149589740854944,0.0016077281823948,0.00757176564131021,0.0312097583943347,-599.058676525978
194,0.0450431354634188,0.0105423791706191,0.00163666654141011,0.0156277718488747,0.0342945873960502,0.0328939005600318,9.42397363486955e-05,0.00068816631181304,0.0179053758151463,0.0382390722586609,-602.931170578111
195,0.021138316756073,0.0119311432138894,0.0171512562744704,0.0108681639398138,0.0429567987243709,0.00460534624749114,0.000351791316843374,0.0358092125399565,0.0114276297947256,0.044412310276517,-604.553234652353
196,0.0302157156219448,0.0204674931015009,0.0115229135121917,0.005302694283038,0.0423052152918,0.00438560512022862,0.000229541807635798,0.0309343938035096,0.010450166936979,4.68059336614307e-05,-598.351897649539
197,0.0343701767461995,0.0136804531109334,0.038897721982869,0.0319422362849201,0.0387645271027361,2.553534809086e-05,0.000191048037985789,0.038837369349005,0.0150880288546117,0.00782222361633107,-600.958064313576
198,0.0320454562956546,0.0154529708325731,0.00362676729684,0.0367459625904317,0.0325112284257866,0.00733702101648954,0.000516950420083422,0.00727713596533636,0.0143479499215953,0.0195894726906546,-599.482879038083
199,0.0417911006872533,0.0138507415635098,0.026885152342147,0.0336189821231855,0.0404168787634845,0.0134606303420183,0.000519159936187364,0.0019340202359535,0.0124279730440476,0.0018266940884447,-600.46755268164
200,0.0180284389273776,0.0218295270693565,0.0213656437920402,0.00199772855591524,0.0386457042904369,0.00577191059883849,0.000469022819284898,0.00182031533808933,0.0184613153713691,0.0168573227550972,-601.560725154128
